0 0.600781 0.948438 0.032813 0.040625
0 0.560156 0.855469 0.039062 0.029687
0 0.500781 0.974219 0.032813 0.042188
0 0.646094 0.235156 0.035937 0.039062
0 0.473438 0.732812 0.053125 0.028125
0 0.692187 0.482031 0.031250 0.039062
0 0.435937 0.460156 0.031250 0.039062
0 0.971875 0.757812 0.031250 0.037500
0 0.703125 0.278125 0.056250 0.021875
0 0.909375 0.632031 0.028125 0.045312
0 0.831250 0.402344 0.046875 0.020313
0 0.628906 0.686719 0.048438 0.023438
0 0.317188 0.787500 0.050000 0.021875
0 0.592969 0.619531 0.032813 0.054688
0 0.221094 0.329688 0.020313 0.043750
0 0.408594 0.782813 0.026562 0.050000
0 0.328125 0.116406 0.050000 0.023438
0 0.564063 0.178125 0.050000 0.018750
0 0.427344 0.121875 0.023438 0.043750
0 0.364063 0.437500 0.043750 0.028125
0 0.232031 0.120313 0.042188 0.031250
0 0.707812 0.392188 0.037500 0.040625
0 0.600000 0.723437 0.031250 0.040625
0 0.212500 0.086719 0.040625 0.029687
0 0.595313 0.765625 0.050000 0.025000
0 0.904687 0.209375 0.046875 0.034375
0 0.254688 0.703906 0.021875 0.048438
0 0.329688 0.078906 0.050000 0.023438
0 0.285156 0.535156 0.029687 0.048438
0 0.803906 0.867188 0.042188 0.043750
0 0.536719 0.814063 0.026562 0.050000
0 0.422656 0.307812 0.048438 0.028125
0 0.945312 0.194531 0.050000 0.020313
0 0.379688 0.753125 0.043750 0.018750
0 0.234375 0.402344 0.025000 0.045312
0 0.844531 0.232813 0.051562 0.031250
0 0.867188 0.178906 0.018750 0.048438
0 0.987500 0.343750 0.025000 0.018750
0 0.824219 0.515625 0.020313 0.050000
0 0.186719 0.169531 0.042188 0.026562
0 0.196875 0.392188 0.040625 0.034375
0 0.797656 0.144531 0.045312 0.032813
0 0.316406 0.435156 0.051562 0.020313
0 0.251563 0.598437 0.018750 0.040625
0 0.828125 0.133594 0.050000 0.017188
0 0.817969 0.613281 0.035937 0.039062
0 0.540625 0.645312 0.018750 0.050000
0 0.269531 0.575000 0.023438 0.043750
0 0.837500 0.448437 0.031250 0.046875
0 0.804688 0.910937 0.028125 0.040625
0 0.785156 0.906250 0.029687 0.018750
0 0.478906 0.550781 0.039062 0.032813
0 0.475781 0.525000 0.032813 0.034375
0 0.192969 0.364063 0.023438 0.037500
0 0.835156 0.638281 0.042188 0.023438
0 0.604688 0.550781 0.043750 0.026562
0 0.238281 0.459375 0.026562 0.034375
0 0.186719 0.144531 0.017188 0.032813
0 0.607031 0.532031 0.026562 0.020313
0 0.205469 0.425781 0.032813 0.032813
0 0.860938 0.445312 0.021875 0.043750
0 0.185156 0.329688 0.026562 0.040625
0 0.375000 0.995313 0.021875 0.009375