0 0.292187 0.978906 0.028125 0.035937
0 0.164062 0.967187 0.021875 0.037500
0 0.096875 0.937500 0.040625 0.031250
0 0.799219 0.935937 0.045312 0.031250
0 0.743750 0.896875 0.037500 0.025000
0 0.519531 0.904687 0.023438 0.040625
0 0.912500 0.889844 0.043750 0.026562
0 0.214844 0.890625 0.020313 0.037500
0 0.079687 0.850000 0.040625 0.028125
0 0.441406 0.857031 0.026562 0.045312
0 0.077344 0.814844 0.042188 0.023438
0 0.096094 0.594531 0.045312 0.023438
0 0.366406 0.607031 0.054688 0.051562
0 0.850000 0.545312 0.037500 0.031250
0 0.754687 0.551562 0.031250 0.046875
0 0.009375 0.515625 0.018750 0.025000
0 0.171094 0.511719 0.039062 0.026562
0 0.703906 0.517188 0.023438 0.040625
0 0.592969 0.506250 0.032813 0.046875
0 0.256250 0.491406 0.037500 0.023438
0 0.753906 0.499219 0.023438 0.045312
0 0.027344 0.485938 0.032813 0.028125
0 0.278125 0.467187 0.037500 0.028125
0 0.060156 0.450781 0.039062 0.017188
0 0.514062 0.450000 0.021875 0.037500
0 0.382031 0.439844 0.064062 0.023438
0 0.314063 0.439063 0.046875 0.021875
0 0.507812 0.411719 0.040625 0.017188
0 0.892188 0.412500 0.034375 0.043750
0 0.450781 0.399219 0.026562 0.045312
0 0.010156 0.392969 0.020313 0.039062
0 0.826562 0.371875 0.021875 0.050000
0 0.298438 0.301563 0.018750 0.043750
0 0.952344 0.297656 0.023438 0.051562
0 0.278906 0.288281 0.029687 0.042188
0 0.546875 0.275781 0.028125 0.039062
0 0.947656 0.259375 0.045312 0.028125
0 0.517188 0.264844 0.021875 0.042188
0 0.336719 0.217188 0.032813 0.040625
0 0.851562 0.185156 0.050000 0.020313
0 0.339062 0.167969 0.025000 0.042188
0 0.693750 0.149219 0.046875 0.017188
0 0.296094 0.146875 0.032813 0.028125
0 0.986719 0.146875 0.026562 0.037500
0 0.097656 0.141406 0.029687 0.039062
0 0.125781 0.141406 0.026562 0.048438
0 0.014063 0.123438 0.018750 0.046875
0 0.365625 0.109375 0.018750 0.043750
0 0.640625 0.101562 0.025000 0.043750
0 0.517969 0.092969 0.042188 0.026562
0 0.693750 0.067969 0.068750 0.023438
0 0.403125 0.069531 0.018750 0.042188
0 0.983594 0.040625 0.032813 0.056250
0 0.289062 0.012500 0.015625 0.025000
0 0.384375 0.407031 0.053125 0.029687
0 0.368750 0.386719 0.046875 0.029687
0 0.389062 0.544531 0.056250 0.020313
0 0.358594 0.564063 0.060937 0.031250
0 0.317969 0.570312 0.035937 0.031250
0 0.339062 0.545312 0.040625 0.034375
0 0.480469 0.638281 0.029687 0.048438
0 0.479687 0.683594 0.056250 0.026562
0 0.434375 0.698438 0.040625 0.043750
0 0.504687 0.782813 0.040625 0.034375
0 0.535156 0.810156 0.029687 0.035937
0 0.587500 0.782813 0.040625 0.040625
0 0.568750 0.797656 0.031250 0.026562
0 0.546875 0.785156 0.034375 0.029687
0 0.435156 0.956250 0.020313 0.040625
0 0.441406 0.930469 0.045312 0.026562
0 0.798438 0.598437 0.043750 0.040625
0 0.806250 0.556250 0.031250 0.053125
0 0.796875 0.501563 0.037500 0.046875
0 0.684375 0.584375 0.031250 0.040625
0 0.676562 0.564844 0.062500 0.026562
0 0.146094 0.560937 0.048438 0.034375
0 0.120313 0.563281 0.040625 0.032813
0 0.478906 0.032813 0.057813 0.031250
0 0.521875 0.035937 0.046875 0.037500
0 0.321094 0.007031 0.029687 0.014063
0 0.979688 0.310156 0.031250 0.035937
0 0.987500 0.585156 0.021875 0.051562
0 0.009375 0.892188 0.018750 0.021875
0 0.022656 0.867969 0.045312 0.032813
0 0.300781 0.646094 0.032813 0.051562
0 0.456250 0.950781 0.028125 0.029687