0 0.377344 0.161719 0.029687 0.039062
0 0.375781 0.746094 0.035937 0.039062
0 0.939844 0.724219 0.035937 0.039062
0 0.517188 0.593750 0.034375 0.034375
0 0.496875 0.142187 0.021875 0.043750
0 0.846094 0.687500 0.045312 0.028125
0 0.493750 0.497656 0.025000 0.039062
0 0.296094 0.928906 0.042188 0.039062
0 0.089844 0.278906 0.026562 0.042188
0 0.575000 0.946094 0.040625 0.032813
0 0.858594 0.374219 0.039062 0.035937
0 0.391406 0.269531 0.039062 0.035937
0 0.882812 0.482812 0.025000 0.043750
0 0.604688 0.597656 0.043750 0.029687
0 0.089844 0.128125 0.026562 0.040625
0 0.293750 0.511719 0.046875 0.026562
0 0.129688 0.632031 0.043750 0.029687
0 0.639062 0.192969 0.050000 0.026562
0 0.899219 0.910937 0.029687 0.043750
0 0.275000 0.289844 0.043750 0.023438
0 0.570312 0.512500 0.040625 0.040625
0 0.735156 0.852344 0.045312 0.023438
0 0.581250 0.134375 0.046875 0.021875
0 0.021875 0.496094 0.021875 0.042188
0 0.552344 0.628125 0.023438 0.046875
0 0.822656 0.163281 0.023438 0.045312
0 0.633594 0.703906 0.039062 0.042188
0 0.445312 0.127344 0.028125 0.026562
0 0.267188 0.670312 0.034375 0.025000
0 0.246875 0.429688 0.025000 0.040625
0 0.380469 0.324219 0.029687 0.042188
0 0.528906 0.269531 0.023438 0.048438
0 0.646875 0.634375 0.025000 0.050000
0 0.019531 0.193750 0.032813 0.031250
0 0.755469 0.544531 0.020313 0.042188
0 0.244531 0.621094 0.023438 0.045312
0 0.628125 0.519531 0.021875 0.048438
0 0.112500 0.808594 0.046875 0.020313
0 0.379688 0.675781 0.050000 0.020313
0 0.585938 0.696094 0.046875 0.042188
0 0.074219 0.175781 0.045312 0.020313
0 0.301563 0.634375 0.021875 0.050000
0 0.325000 0.307812 0.021875 0.037500
0 0.800781 0.557031 0.020313 0.045312
0 0.300781 0.853906 0.026562 0.042188
0 0.133594 0.442188 0.048438 0.021875
0 0.200781 0.403125 0.045312 0.037500
0 0.190625 0.796875 0.046875 0.018750
0 0.139063 0.935156 0.050000 0.039062
0 0.710938 0.365625 0.046875 0.031250
0 0.053125 0.108594 0.043750 0.020313
0 0.124219 0.554688 0.032813 0.040625
0 0.345313 0.983594 0.034375 0.029687
0 0.211719 0.634375 0.020313 0.046875
0 0.696875 0.987500 0.043750 0.025000
0 0.200000 0.515625 0.031250 0.043750
0 0.198437 0.558594 0.034375 0.039062
0 0.088281 0.859375 0.023438 0.037500
0 0.260156 0.123438 0.029687 0.018750
0 0.945312 0.219531 0.040625 0.020313
0 0.576562 0.985938 0.040625 0.028125
0 0.112500 0.871875 0.037500 0.028125
0 0.163281 0.398438 0.042188 0.028125
0 0.676562 0.375000 0.028125 0.046875
0 0.341406 0.543750 0.032813 0.018750
0 0.166406 0.893750 0.048438 0.034375
0 0.191406 0.482812 0.051562 0.021875
0 0.289062 0.881250 0.046875 0.018750
0 0.370312 0.602344 0.034375 0.032813
0 0.378906 0.566406 0.032813 0.042188
0 0.366406 0.499219 0.026562 0.048438
0 0.064844 0.589063 0.029687 0.037500
0 0.750781 0.385156 0.042188 0.035937
0 0.628125 0.909375 0.031250 0.037500
0 0.085156 0.603906 0.039062 0.029687
0 0.102344 0.579688 0.042188 0.028125
0 0.180469 0.005469 0.035937 0.010937
0 0.740625 0.354687 0.021875 0.043750
0 0.689844 0.418750 0.023438 0.040625
0 0.625781 0.874219 0.023438 0.045312
0 0.631250 0.967187 0.018750 0.050000
0 0.076563 0.360938 0.050000 0.018750
0 0.156250 0.867188 0.021875 0.040625
0 0.580469 0.735938 0.023438 0.050000
0 0.434375 0.521094 0.068750 0.035937
0 0.304688 0.003906 0.021875 0.007812
0 0.075781 0.346875 0.042188 0.018750
0 0.377344 0.992188 0.023438 0.015625
0 0.979688 0.225781 0.034375 0.035937
0 0.561719 0.746875 0.020313 0.025000
0 0.138281 0.889844 0.017188 0.029687
0 0.105469 0.217969 0.042188 0.020313
0 0.464062 0.989062 0.025000 0.021875
0 0.644531 0.957031 0.014063 0.035937
0 0.111719 0.201563 0.051562 0.021875
0 0.421875 0.357812 0.037500 0.040625
0 0.440625 0.348438 0.046875 0.037500
0 0.983594 0.208594 0.029687 0.042188
0 0.625000 0.976562 0.031250 0.034375