0 0.522656 0.954688 0.026562 0.050000
0 0.384375 0.939844 0.056250 0.032813
0 0.746875 0.921094 0.037500 0.042188
0 0.666406 0.917188 0.026562 0.043750
0 0.253125 0.919531 0.028125 0.048438
0 0.753906 0.877344 0.035937 0.042188
0 0.686719 0.863281 0.039062 0.042188
0 0.705469 0.821094 0.054688 0.039062
0 0.991406 0.771094 0.017188 0.017188
0 0.796094 0.760938 0.048438 0.018750
0 0.980469 0.710938 0.039062 0.028125
0 0.725000 0.683594 0.043750 0.039062
0 0.394531 0.682031 0.042188 0.035937
0 0.232813 0.681250 0.021875 0.043750
0 0.324219 0.650781 0.023438 0.051562
0 0.356250 0.638281 0.034375 0.042188
0 0.444531 0.614062 0.039062 0.031250
0 0.438281 0.572656 0.048438 0.020313
0 0.371875 0.567969 0.056250 0.026562
0 0.589063 0.569531 0.021875 0.045312
0 0.890625 0.561719 0.025000 0.045312
0 0.342187 0.550000 0.053125 0.028125
0 0.270313 0.494531 0.059375 0.020313
0 0.728906 0.463281 0.026562 0.048438
0 0.686719 0.425000 0.042188 0.028125
0 0.798438 0.431250 0.021875 0.046875
0 0.234375 0.389062 0.025000 0.037500
0 0.536719 0.372656 0.032813 0.042188
0 0.568750 0.367969 0.037500 0.039062
0 0.252344 0.356250 0.051562 0.021875
0 0.224219 0.285156 0.020313 0.042188
0 0.235937 0.157031 0.050000 0.026562
0 0.664844 0.023438 0.014063 0.040625
0 0.939063 0.016406 0.034375 0.032813
0 0.785937 0.253906 0.037500 0.035937
0 0.761719 0.257031 0.042188 0.029687
0 0.721094 0.235156 0.020313 0.039062
0 0.700000 0.255469 0.050000 0.029687
0 0.707812 0.282031 0.050000 0.023438
0 0.746875 0.296875 0.021875 0.046875
0 0.696875 0.305469 0.046875 0.023438
0 0.732812 0.321875 0.028125 0.031250
0 0.722656 0.338281 0.026562 0.029687
0 0.766406 0.338281 0.035937 0.039062
0 0.733594 0.379688 0.029687 0.031250
0 0.721094 0.359375 0.035937 0.034375
0 0.678125 0.341406 0.043750 0.023438
0 0.656250 0.353125 0.034375 0.015625
0 0.653906 0.371094 0.042188 0.017188
0 0.671875 0.388281 0.050000 0.017188
0 0.660937 0.406250 0.037500 0.025000
0 0.623437 0.396094 0.037500 0.039062
0 0.725781 0.409375 0.035937 0.031250
0 0.753125 0.393750 0.028125 0.040625
0 0.695312 0.462500 0.028125 0.043750
0 0.713281 0.506250 0.023438 0.040625
0 0.635156 0.492969 0.042188 0.032813
0 0.643750 0.478906 0.025000 0.029687
0 0.620313 0.150781 0.031250 0.017188
0 0.597656 0.151562 0.014063 0.015625
0 0.525000 0.335156 0.050000 0.026562
0 0.483594 0.344531 0.020313 0.045312
0 0.525781 0.421094 0.035937 0.039062
0 0.492188 0.430469 0.031250 0.039062
0 0.462500 0.438281 0.028125 0.032813
0 0.431250 0.449219 0.028125 0.042188
0 0.500000 0.458594 0.053125 0.020313
0 0.512500 0.481250 0.021875 0.025000
0 0.460938 0.475000 0.025000 0.034375
0 0.450000 0.494531 0.043750 0.042188
0 0.428906 0.519531 0.060937 0.020313
0 0.403906 0.538281 0.051562 0.026562
0 0.534375 0.570312 0.040625 0.031250
0 0.510938 0.560156 0.031250 0.026562
0 0.535937 0.546875 0.034375 0.012500
0 0.568750 0.532813 0.028125 0.043750
0 0.538281 0.520312 0.032813 0.025000
0 0.500781 0.523438 0.039062 0.037500
0 0.489844 0.550781 0.029687 0.032813
0 0.268750 0.592969 0.034375 0.039062
0 0.294531 0.626563 0.026562 0.037500
0 0.222656 0.833594 0.026562 0.039062
0 0.236719 0.844531 0.026562 0.051562
0 0.446094 0.946875 0.039062 0.028125
0 0.478125 0.956250 0.018750 0.037500
0 0.493750 0.936719 0.021875 0.020313
0 0.469531 0.922656 0.042188 0.023438
0 0.557031 0.785937 0.023438 0.043750
0 0.583594 0.756250 0.029687 0.043750
0 0.582812 0.728906 0.031250 0.045312
0 0.658594 0.642969 0.042188 0.026562
0 0.668750 0.617188 0.025000 0.040625
0 0.720313 0.594531 0.025000 0.045312
0 0.746875 0.605469 0.025000 0.048438
0 0.139063 0.034375 0.028125 0.046875
0 0.242969 0.979688 0.023438 0.037500
0 0.317188 0.989844 0.034375 0.017188
0 0.869531 0.949219 0.020313 0.039062
0 0.897656 0.969531 0.054688 0.023438
0 0.792188 0.979688 0.034375 0.037500
0 0.834375 0.989062 0.053125 0.018750
0 0.976562 0.457031 0.043750 0.020313
0 0.989844 0.473438 0.017188 0.021875
0 0.650781 0.582031 0.026562 0.023438
0 0.647656 0.560937 0.045312 0.021875