0 0.113281 0.277344 0.042188 0.032813
0 0.088281 0.128125 0.039062 0.031250
0 0.756250 0.284375 0.025000 0.043750
0 0.800000 0.789844 0.034375 0.039062
0 0.398438 0.267188 0.018750 0.040625
0 0.140625 0.867969 0.050000 0.029687
0 0.250781 0.582031 0.042188 0.032813
0 0.798438 0.241406 0.046875 0.032813
0 0.144531 0.540625 0.020313 0.037500
0 0.834375 0.908594 0.053125 0.026562
0 0.489844 0.234375 0.026562 0.053125
0 0.310156 0.431250 0.026562 0.043750
0 0.624219 0.813281 0.048438 0.026562
0 0.903125 0.819531 0.050000 0.023438
0 0.099219 0.728125 0.057813 0.021875
0 0.203906 0.299219 0.023438 0.048438
0 0.335156 0.377344 0.032813 0.048438
0 0.672656 0.330469 0.048438 0.039062
0 0.893750 0.563281 0.050000 0.020313
0 0.231250 0.514844 0.043750 0.035937
0 0.735938 0.020313 0.043750 0.040625
0 0.313281 0.137500 0.026562 0.043750
0 0.406250 0.020313 0.056250 0.025000
0 0.772656 0.214062 0.029687 0.043750
0 0.799219 0.738281 0.054688 0.017188
0 0.939063 0.969531 0.046875 0.032813
0 0.085156 0.085156 0.048438 0.020313
0 0.410156 0.600781 0.026562 0.045312
0 0.164844 0.451562 0.042188 0.031250
0 0.230469 0.325781 0.023438 0.045312
0 0.542969 0.484375 0.051562 0.025000
0 0.067187 0.560156 0.040625 0.035937
0 0.979688 0.451562 0.037500 0.028125
0 0.456250 0.666406 0.025000 0.048438
0 0.917188 0.507812 0.028125 0.050000
0 0.289844 0.086719 0.042188 0.029687
0 0.267969 0.113281 0.045312 0.039062
0 0.488281 0.528906 0.048438 0.045312
0 0.104688 0.580469 0.043750 0.048438
0 0.932031 0.785937 0.029687 0.037500
0 0.491406 0.441406 0.045312 0.039062
0 0.188281 0.092969 0.039062 0.029687
0 0.059375 0.980469 0.028125 0.035937
0 0.364844 0.108594 0.029687 0.045312
0 0.408594 0.757812 0.032813 0.040625
0 0.410156 0.721094 0.057813 0.035937
0 0.358594 0.747656 0.039062 0.039062
0 0.332813 0.091406 0.034375 0.045312
0 0.107031 0.987500 0.048438 0.021875
0 0.151562 0.992188 0.037500 0.015625
0 0.769531 0.082812 0.045312 0.034375
0 0.187500 0.526563 0.053125 0.025000
0 0.986719 0.502344 0.023438 0.023438
0 0.349219 0.947656 0.051562 0.026562
0 0.082812 0.435937 0.062500 0.021875
0 0.138281 0.016406 0.020313 0.032813
0 0.741406 0.053906 0.051562 0.023438
0 0.370312 0.707031 0.025000 0.042188
0 0.215625 0.050781 0.025000 0.045312
0 0.692187 0.225781 0.025000 0.039062
0 0.732031 0.201563 0.039062 0.034375
0 0.410938 0.149219 0.028125 0.045312
0 0.778125 0.039844 0.043750 0.026562
0 0.948438 0.494531 0.043750 0.020313
0 0.934375 0.006250 0.043750 0.012500
0 0.979688 0.384375 0.031250 0.043750
0 0.136719 0.060156 0.051562 0.029687
0 0.954688 0.389844 0.025000 0.042188
0 0.447656 0.610156 0.023438 0.045312
0 0.473438 0.503906 0.043750 0.023438
0 0.193750 0.628906 0.031250 0.035937
0 0.985156 0.950781 0.026562 0.020313
0 0.391406 0.114062 0.023438 0.046875
0 0.282031 0.036719 0.026562 0.042188
0 0.716406 0.214062 0.026562 0.040625
0 0.173437 0.646875 0.050000 0.025000
0 0.106250 0.014844 0.040625 0.026562
0 0.635156 0.867969 0.029687 0.045312
0 0.300000 0.008594 0.056250 0.017188
0 0.966406 0.012500 0.017188 0.025000
0 0.329688 0.979688 0.028125 0.037500
0 0.685156 0.184375 0.029687 0.046875
0 0.233594 0.640625 0.029687 0.037500
0 0.217188 0.619531 0.021875 0.048438
0 0.092188 0.467969 0.037500 0.023438
0 0.630469 0.846875 0.029687 0.034375
0 0.136719 0.666406 0.029687 0.023438
0 0.128906 0.450781 0.017188 0.029687
0 0.008594 0.723437 0.017188 0.021875
0 0.482812 0.472656 0.053125 0.032813
0 0.164844 0.667188 0.032813 0.018750
0 0.992188 0.403125 0.012500 0.046875
0 0.740625 0.887500 0.040625 0.053125
0 0.185938 0.045312 0.040625 0.018750
0 0.157812 0.073438 0.040625 0.031250
0 0.203906 0.664062 0.035937 0.028125
0 0.113281 0.459375 0.014063 0.043750
0 0.356250 0.334375 0.043750 0.040625
0 0.337500 0.332031 0.034375 0.029687
0 0.179688 0.056250 0.025000 0.034375
0 0.505469 0.461719 0.042188 0.029687