0 0.097656 0.183594 0.042188 0.032813
0 0.110156 0.275781 0.045312 0.035937
0 0.903906 0.180469 0.042188 0.026562
0 0.353906 0.464844 0.039062 0.042188
0 0.244531 0.510938 0.023438 0.046875
0 0.092969 0.635156 0.023438 0.045312
0 0.606250 0.419531 0.021875 0.048438
0 0.335938 0.879687 0.034375 0.040625
0 0.139063 0.895312 0.046875 0.021875
0 0.355469 0.053125 0.023438 0.046875
0 0.553906 0.213281 0.048438 0.029687
0 0.465625 0.293750 0.046875 0.021875
0 0.951562 0.543750 0.031250 0.043750
0 0.610938 0.342187 0.046875 0.034375
0 0.185938 0.683594 0.021875 0.045312
0 0.800781 0.067187 0.042188 0.034375
0 0.504687 0.092188 0.056250 0.037500
0 0.037500 0.156250 0.040625 0.034375
0 0.376563 0.358594 0.037500 0.042188
0 0.950000 0.042969 0.050000 0.020313
0 0.296094 0.735938 0.039062 0.031250
0 0.400781 0.041406 0.026562 0.045312
0 0.462500 0.185156 0.028125 0.045312
0 0.150781 0.482812 0.048438 0.028125
0 0.506250 0.494531 0.046875 0.026562
0 0.290625 0.278906 0.053125 0.029687
0 0.028906 0.703125 0.051562 0.021875
0 0.162500 0.531250 0.053125 0.021875
0 0.592969 0.857031 0.048438 0.029687
0 0.628906 0.109375 0.042188 0.043750
0 0.386719 0.088281 0.035937 0.048438
0 0.586719 0.885938 0.042188 0.037500
0 0.385937 0.217188 0.050000 0.040625
0 0.785156 0.606250 0.032813 0.059375
0 0.422656 0.886719 0.039062 0.026562
0 0.089844 0.449219 0.020313 0.048438
0 0.501563 0.700781 0.053125 0.026562
0 0.334375 0.735156 0.050000 0.020313
0 0.138281 0.785156 0.048438 0.045312
0 0.838281 0.901563 0.054688 0.025000
0 0.628125 0.264844 0.040625 0.035937
0 0.178906 0.942969 0.057813 0.023438
0 0.575781 0.747656 0.026562 0.048438
0 0.873437 0.236719 0.028125 0.045312
0 0.339844 0.279687 0.054688 0.028125
0 0.600000 0.089063 0.053125 0.021875
0 0.558594 0.485156 0.060937 0.029687
0 0.635156 0.225000 0.064062 0.031250
0 0.338281 0.213281 0.045312 0.042188
0 0.320312 0.400781 0.046875 0.032813
0 0.696094 0.236719 0.051562 0.026562
0 0.016406 0.755469 0.032813 0.023438
0 0.035156 0.591406 0.032813 0.045312
0 0.289844 0.314844 0.023438 0.042188
0 0.185938 0.480469 0.028125 0.042188
0 0.034375 0.621094 0.043750 0.029687
0 0.678125 0.914062 0.028125 0.050000
0 0.932813 0.910937 0.053125 0.021875
0 0.522656 0.730469 0.029687 0.042188
0 0.991406 0.568750 0.017188 0.025000
0 0.667969 0.182031 0.029687 0.054688
0 0.247656 0.333594 0.042188 0.048438
0 0.835156 0.254688 0.048438 0.040625
0 0.801562 0.236719 0.050000 0.029687
0 0.027344 0.947656 0.048438 0.029687
0 0.485938 0.047656 0.025000 0.048438
0 0.660156 0.257812 0.020313 0.053125
0 0.200781 0.967187 0.029687 0.037500
0 0.347656 0.388281 0.035937 0.042188
0 0.592969 0.925781 0.054688 0.023438
0 0.896094 0.656250 0.051562 0.028125
0 0.057813 0.970313 0.046875 0.021875
0 0.617188 0.908594 0.050000 0.017188
0 0.299219 0.221875 0.045312 0.028125
0 0.642188 0.007812 0.031250 0.015625
0 0.230469 0.949219 0.029687 0.042188
0 0.548438 0.701562 0.031250 0.043750
0 0.311719 0.432031 0.023438 0.035937
0 0.500000 0.122656 0.046875 0.032813
0 0.992188 0.659375 0.015625 0.028125
0 0.243750 0.196875 0.053125 0.018750
0 0.010937 0.980469 0.021875 0.035937
0 0.985938 0.902344 0.028125 0.020313
0 0.882812 0.007031 0.025000 0.014063
0 0.252344 0.213281 0.035937 0.017188
0 0.487500 0.131250 0.034375 0.046875