0 0.367188 0.370312 0.053125 0.025000
0 0.554688 0.358594 0.025000 0.045312
0 0.271094 0.602344 0.042188 0.032813
0 0.357812 0.250000 0.037500 0.034375
0 0.157031 0.181250 0.029687 0.040625
0 0.580469 0.164844 0.039062 0.045312
0 0.503906 0.584375 0.032813 0.040625
0 0.124219 0.052344 0.026562 0.042188
0 0.096875 0.716406 0.040625 0.035937
0 0.148438 0.532813 0.025000 0.037500
0 0.670312 0.563281 0.053125 0.026562
0 0.273438 0.328906 0.034375 0.045312
0 0.251563 0.117969 0.031250 0.045312
0 0.197656 0.124219 0.042188 0.039062
0 0.166406 0.628125 0.048438 0.021875
0 0.458594 0.109375 0.029687 0.050000
0 0.652344 0.414844 0.051562 0.026562
0 0.477344 0.863281 0.032813 0.042188
0 0.210938 0.742188 0.028125 0.043750
0 0.457813 0.350781 0.031250 0.045312
0 0.523438 0.432031 0.031250 0.048438
0 0.470313 0.961719 0.025000 0.039062
0 0.342969 0.124219 0.054688 0.020313
0 0.139063 0.910156 0.050000 0.020313
0 0.671875 0.369531 0.053125 0.023438
0 0.126562 0.648438 0.037500 0.040625
0 0.475000 0.210156 0.025000 0.045312
0 0.325000 0.385156 0.034375 0.042188
0 0.089844 0.265625 0.032813 0.043750
0 0.191406 0.826562 0.048438 0.018750
0 0.676562 0.292187 0.050000 0.043750
0 0.229687 0.790625 0.034375 0.025000
0 0.107813 0.225000 0.021875 0.050000
0 0.371875 0.410156 0.050000 0.029687
0 0.087500 0.559375 0.059375 0.037500
0 0.183594 0.007812 0.054688 0.015625
0 0.701562 0.652344 0.053125 0.026562
0 0.380469 0.461719 0.051562 0.026562
0 0.645312 0.252344 0.043750 0.048438
0 0.226562 0.607031 0.034375 0.045312
0 0.456250 0.599219 0.021875 0.045312
0 0.317188 0.976562 0.056250 0.025000
0 0.033594 0.232031 0.042188 0.035937
0 0.282031 0.954688 0.023438 0.040625
0 0.684375 0.014063 0.028125 0.028125
0 0.015625 0.585938 0.031250 0.021875
0 0.664844 0.452344 0.026562 0.045312
0 0.404687 0.428125 0.043750 0.037500
0 0.692187 0.084375 0.025000 0.053125
0 0.692969 0.241406 0.032813 0.045312
0 0.962500 0.982031 0.021875 0.035937
0 0.695312 0.474219 0.025000 0.048438
0 0.282813 0.912500 0.025000 0.043750
0 0.707031 0.770312 0.026562 0.046875
0 0.600000 0.759375 0.018750 0.015625
0 0.682813 0.774219 0.025000 0.042188
0 0.006250 0.235937 0.012500 0.040625
0 0.157812 0.992188 0.034375 0.015625
0 0.696094 0.131250 0.026562 0.040625
0 0.010156 0.543750 0.020313 0.046875
0 0.710156 0.276562 0.023438 0.037500
0 0.347656 0.458594 0.023438 0.039062
0 0.005469 0.011719 0.010937 0.023438
0 0.092188 0.388281 0.050000 0.023438
0 0.076563 0.396875 0.046875 0.031250