0 0.780469 0.254688 0.026562 0.046875
0 0.826562 0.371094 0.028125 0.051562
0 0.271094 0.253125 0.051562 0.034375
0 0.753125 0.392969 0.021875 0.039062
0 0.430469 0.285938 0.039062 0.031250
0 0.332031 0.893750 0.048438 0.025000
0 0.265625 0.075781 0.028125 0.048438
0 0.838281 0.427344 0.045312 0.039062
0 0.492969 0.409375 0.051562 0.025000
0 0.563281 0.044531 0.042188 0.039062
0 0.777344 0.105469 0.045312 0.029687
0 0.571875 0.588281 0.028125 0.048438
0 0.597656 0.725000 0.039062 0.031250
0 0.796875 0.823438 0.025000 0.046875
0 0.607812 0.279687 0.037500 0.043750
0 0.617969 0.888281 0.051562 0.023438
0 0.653125 0.588281 0.028125 0.045312
0 0.556250 0.740625 0.034375 0.046875
0 0.631250 0.246875 0.037500 0.037500
0 0.345313 0.986719 0.031250 0.023438
0 0.445312 0.735156 0.043750 0.045312
0 0.678906 0.532031 0.035937 0.048438
0 0.532813 0.682031 0.053125 0.026562
0 0.468750 0.775781 0.053125 0.032813
0 0.432031 0.241406 0.045312 0.020313
0 0.485156 0.695312 0.020313 0.040625
0 0.472656 0.160938 0.039062 0.043750
0 0.522656 0.862500 0.048438 0.040625
0 0.677344 0.973437 0.032813 0.046875
0 0.714063 0.038281 0.050000 0.029687
0 0.405469 0.721875 0.032813 0.043750
0 0.487500 0.069531 0.056250 0.026562
0 0.628125 0.186719 0.025000 0.039062
0 0.570312 0.481250 0.025000 0.046875
0 0.789062 0.760938 0.021875 0.043750
0 0.456250 0.114844 0.031250 0.039062
0 0.545312 0.455469 0.025000 0.048438
0 0.502344 0.127344 0.039062 0.039062
0 0.707031 0.941406 0.039062 0.039062
0 0.748437 0.885938 0.062500 0.031250
0 0.214844 0.042188 0.029687 0.050000
0 0.495312 0.621875 0.046875 0.025000
0 0.254688 0.658594 0.037500 0.045312
0 0.521875 0.088281 0.025000 0.045312
0 0.544531 0.121875 0.054688 0.025000
0 0.261719 0.892969 0.045312 0.032813
0 0.842969 0.643750 0.048438 0.025000
0 0.556250 0.208594 0.021875 0.048438
0 0.888281 0.639844 0.048438 0.026562
0 0.850781 0.589844 0.039062 0.039062
0 0.671094 0.142187 0.048438 0.025000
0 0.214844 0.623437 0.029687 0.046875
0 0.674219 0.252344 0.035937 0.045312
0 0.707031 0.265625 0.029687 0.043750
0 0.734375 0.274219 0.021875 0.048438
0 0.658594 0.163281 0.054688 0.023438
0 0.425000 0.591406 0.065625 0.020313
0 0.478906 0.215625 0.051562 0.031250
0 0.233594 0.918750 0.026562 0.046875
0 0.530469 0.250781 0.039062 0.029687
0 0.267969 0.631250 0.020313 0.043750
0 0.438281 0.138281 0.032813 0.035937
0 0.622656 0.022656 0.045312 0.035937
0 0.699219 0.498437 0.045312 0.031250
0 0.528906 0.213281 0.039062 0.026562
0 0.435937 0.162500 0.046875 0.043750
0 0.677344 0.471094 0.032813 0.039062
0 0.815625 0.669531 0.046875 0.042188
0 0.437500 0.623437 0.031250 0.021875
0 0.664062 0.290625 0.021875 0.040625
0 0.498437 0.231250 0.037500 0.028125
0 0.722656 0.903125 0.029687 0.040625
0 0.735156 0.065625 0.023438 0.034375
0 0.460938 0.625000 0.021875 0.028125
0 0.974219 0.994531 0.026562 0.010937
0 0.470313 0.607031 0.015625 0.023438
0 0.212500 0.535156 0.021875 0.039062
0 0.219531 0.521875 0.020313 0.053125
0 0.996094 0.493750 0.007812 0.025000
0 0.823438 0.628125 0.053125 0.031250
0 0.854688 0.617969 0.025000 0.026562
0 0.536719 0.788281 0.032813 0.035937
0 0.550781 0.810156 0.039062 0.032813
0 0.512500 0.803125 0.046875 0.028125
0 0.510938 0.826562 0.037500 0.025000
0 0.477344 0.821094 0.026562 0.020313
0 0.642188 0.043750 0.050000 0.021875
0 0.643750 0.028906 0.034375 0.017188
0 0.701562 0.120313 0.037500 0.034375
0 0.657813 0.103125 0.043750 0.028125
0 0.673438 0.091406 0.046875 0.023438
0 0.692969 0.081250 0.042188 0.031250
0 0.717187 0.082031 0.028125 0.035937
0 0.696875 0.143750 0.031250 0.043750