0 0.103906 0.242969 0.029687 0.042188
0 0.248438 0.092969 0.034375 0.032813
0 0.494531 0.340625 0.045312 0.034375
0 0.485938 0.410938 0.040625 0.037500
0 0.325781 0.284375 0.045312 0.031250
0 0.018750 0.343750 0.031250 0.040625
0 0.266406 0.679688 0.029687 0.043750
0 0.395313 0.025781 0.046875 0.032813
0 0.607031 0.849219 0.035937 0.045312
0 0.267969 0.471875 0.048438 0.037500
0 0.496094 0.765625 0.051562 0.034375
0 0.307031 0.766406 0.048438 0.023438
0 0.420312 0.293750 0.050000 0.028125
0 0.315625 0.400781 0.043750 0.032813
0 0.367969 0.086719 0.054688 0.026562
0 0.576562 0.068750 0.037500 0.040625
0 0.107031 0.094531 0.054688 0.029687
0 0.081250 0.211719 0.040625 0.026562
0 0.088281 0.876563 0.035937 0.034375
0 0.039844 0.623437 0.023438 0.043750
0 0.985156 0.453906 0.026562 0.045312
0 0.110156 0.160156 0.026562 0.045312
0 0.460156 0.060156 0.057813 0.029687
0 0.135937 0.040625 0.034375 0.046875
0 0.089844 0.503906 0.029687 0.048438
0 0.387500 0.690625 0.021875 0.046875
0 0.071875 0.646875 0.021875 0.037500
0 0.015625 0.478125 0.031250 0.025000
0 0.955469 0.442969 0.035937 0.045312
0 0.297656 0.503125 0.051562 0.021875
0 0.465625 0.787500 0.053125 0.028125
0 0.089844 0.451562 0.020313 0.050000
0 0.968750 0.868750 0.021875 0.046875
0 0.072656 0.684375 0.057813 0.021875
0 0.064844 0.017969 0.032813 0.035937
0 0.961719 0.296875 0.048438 0.034375
0 0.217188 0.946875 0.046875 0.034375
0 0.196094 0.877344 0.035937 0.057813
0 0.954688 0.559375 0.021875 0.046875
0 0.275781 0.553125 0.023438 0.040625
0 0.974219 0.345313 0.023438 0.053125
0 0.348438 0.576562 0.046875 0.021875
0 0.620313 0.257031 0.021875 0.048438
0 0.157812 0.884375 0.034375 0.025000
0 0.598437 0.166406 0.025000 0.048438
0 0.952344 0.378906 0.026562 0.051562
0 0.017188 0.510156 0.034375 0.026562
0 0.613281 0.461719 0.020313 0.048438
0 0.957031 0.031250 0.023438 0.040625
0 0.971094 0.960938 0.026562 0.046875
0 0.624219 0.185938 0.026562 0.040625
0 0.444531 0.442188 0.042188 0.040625
0 0.415625 0.579688 0.021875 0.046875
0 0.510938 0.868750 0.025000 0.050000
0 0.982812 0.013281 0.025000 0.026562
0 0.540625 0.881250 0.037500 0.043750
0 0.976562 0.250000 0.043750 0.031250
0 0.250781 0.957031 0.026562 0.048438
0 0.976562 0.673438 0.025000 0.037500
0 0.607812 0.008594 0.043750 0.017188
0 0.619531 0.056250 0.039062 0.025000
0 0.607812 0.036719 0.034375 0.026562
0 0.941406 0.254688 0.045312 0.037500
0 0.966406 0.660156 0.017188 0.042188
0 0.507031 0.068750 0.042188 0.034375
0 0.386719 0.569531 0.045312 0.029687
0 0.216406 0.986719 0.020313 0.023438
0 0.671875 0.994531 0.034375 0.010937