0 0.410156 0.991406 0.032813 0.017188
0 0.711719 0.973437 0.042188 0.012500
0 0.838281 0.970313 0.045312 0.034375
0 0.358594 0.920312 0.029687 0.021875
0 0.186719 0.921875 0.026562 0.037500
0 0.284375 0.900781 0.040625 0.042188
0 0.010156 0.888281 0.020313 0.017188
0 0.087500 0.888281 0.021875 0.045312
0 0.013281 0.846875 0.026562 0.018750
0 0.273438 0.810937 0.050000 0.028125
0 0.732812 0.800000 0.031250 0.043750
0 0.070312 0.782813 0.046875 0.034375
0 0.007812 0.760156 0.015625 0.023438
0 0.706250 0.732031 0.053125 0.023438
0 0.860938 0.711719 0.021875 0.045312
0 0.194531 0.678125 0.029687 0.018750
0 0.080469 0.674219 0.042188 0.026562
0 0.716406 0.657031 0.039062 0.035937
0 0.092969 0.613281 0.032813 0.045312
0 0.355469 0.572656 0.029687 0.045312
0 0.105469 0.553906 0.039062 0.042188
0 0.838281 0.509375 0.051562 0.021875
0 0.141406 0.496094 0.051562 0.017188
0 0.963281 0.495312 0.048438 0.018750
0 0.922656 0.496875 0.023438 0.043750
0 0.862500 0.406250 0.050000 0.018750
0 0.011719 0.406250 0.023438 0.040625
0 0.954688 0.367188 0.018750 0.040625
0 0.038281 0.366406 0.039062 0.039062
0 0.918750 0.360938 0.043750 0.046875
0 0.032031 0.320312 0.042188 0.043750
0 0.785156 0.305469 0.042188 0.039062
0 0.931250 0.288281 0.031250 0.045312
0 0.364063 0.257812 0.028125 0.043750
0 0.318750 0.230469 0.025000 0.045312
0 0.043750 0.109375 0.025000 0.046875
0 0.131250 0.092188 0.046875 0.031250
0 0.349219 0.089063 0.042188 0.037500
0 0.785156 0.057031 0.039062 0.035937
0 0.118750 0.007812 0.046875 0.015625
0 0.047656 0.162500 0.057813 0.021875
0 0.201563 0.161719 0.040625 0.042188
0 0.208594 0.197656 0.026562 0.035937
0 0.339062 0.044531 0.046875 0.039062
0 0.382031 0.039062 0.026562 0.040625
0 0.335156 0.149219 0.045312 0.029687
0 0.321094 0.179688 0.026562 0.037500
0 0.371094 0.160156 0.042188 0.035937
0 0.384375 0.492969 0.031250 0.039062
0 0.275781 0.507812 0.014063 0.012500
0 0.200781 0.389062 0.048438 0.040625
0 0.142969 0.374219 0.060937 0.020313
0 0.099219 0.372656 0.026562 0.042188
0 0.026562 0.209375 0.025000 0.040625
0 0.010156 0.175000 0.020313 0.028125
0 0.035156 0.193750 0.029687 0.037500
0 0.329688 0.012500 0.037500 0.025000
0 0.103125 0.935937 0.043750 0.015625
0 0.121094 0.920312 0.045312 0.028125
0 0.205469 0.950000 0.039062 0.037500
0 0.216406 0.969531 0.048438 0.026562
0 0.308594 0.786719 0.054688 0.026562
0 0.345313 0.816406 0.025000 0.035937
0 0.312500 0.838281 0.043750 0.017188
0 0.335938 0.853906 0.021875 0.042188
0 0.378906 0.859375 0.054688 0.025000
0 0.389062 0.888281 0.046875 0.032813
0 0.700000 0.013281 0.028125 0.023438
0 0.711719 0.160938 0.029687 0.046875
0 0.711719 0.328125 0.032813 0.043750
0 0.923438 0.232031 0.043750 0.026562
0 0.946875 0.253125 0.015625 0.018750
0 0.976562 0.249219 0.043750 0.023438
0 0.953125 0.226562 0.015625 0.012500
0 0.717187 0.532813 0.059375 0.028125
0 0.650000 0.767969 0.025000 0.045312
0 0.688281 0.780469 0.048438 0.023438
0 0.814063 0.812500 0.046875 0.043750
0 0.660156 0.973437 0.023438 0.040625
0 0.660937 0.907031 0.028125 0.035937
0 0.650781 0.917188 0.029687 0.031250
0 0.637500 0.946875 0.021875 0.040625
0 0.637500 0.882031 0.021875 0.042188
0 0.992188 0.754687 0.012500 0.018750
0 0.977344 0.460938 0.029687 0.037500
0 0.984375 0.431250 0.028125 0.025000
0 0.993750 0.305469 0.009375 0.017188