0 0.542188 0.989844 0.028125 0.020313
0 0.653906 0.979688 0.020313 0.018750
0 0.623437 0.983594 0.031250 0.032813
0 0.501563 0.982812 0.021875 0.034375
0 0.990625 0.963281 0.018750 0.045312
0 0.659375 0.941406 0.018750 0.048438
0 0.547656 0.939063 0.032813 0.043750
0 0.473438 0.902344 0.021875 0.048438
0 0.582031 0.807031 0.039062 0.039062
0 0.642969 0.774219 0.032813 0.042188
0 0.506250 0.764062 0.021875 0.046875
0 0.770312 0.667969 0.034375 0.035937
0 0.914062 0.644531 0.050000 0.023438
0 0.563281 0.643750 0.017188 0.040625
0 0.033594 0.632812 0.048438 0.025000
0 0.949219 0.618750 0.042188 0.040625
0 0.139063 0.579688 0.021875 0.040625
0 0.078906 0.550781 0.023438 0.048438
0 0.039844 0.506250 0.045312 0.021875
0 0.165625 0.469531 0.050000 0.020313
0 0.900781 0.442188 0.042188 0.034375
0 0.078125 0.431250 0.040625 0.037500
0 0.710156 0.392188 0.032813 0.037500
0 0.060156 0.379688 0.042188 0.031250
0 0.574219 0.360938 0.029687 0.043750
0 0.146094 0.337500 0.026562 0.037500
0 0.787500 0.328906 0.043750 0.032813
0 0.153125 0.275000 0.031250 0.040625
0 0.948438 0.270313 0.037500 0.040625
0 0.635938 0.227344 0.050000 0.020313
0 0.510156 0.197656 0.048438 0.017188
0 0.449219 0.193750 0.023438 0.040625
0 0.417187 0.200000 0.031250 0.056250
0 0.446094 0.132812 0.029687 0.037500
0 0.174219 0.123438 0.051562 0.021875
0 0.628125 0.097656 0.050000 0.023438
0 0.604688 0.042969 0.050000 0.017188
0 0.771094 0.039844 0.023438 0.045312
0 0.438281 0.031250 0.035937 0.034375
0 0.671094 0.007031 0.035937 0.014063
0 0.600000 0.008594 0.043750 0.017188
0 0.758594 0.364844 0.054688 0.026562
0 0.767969 0.385937 0.051562 0.034375
0 0.834375 0.400000 0.018750 0.021875
0 0.903906 0.196094 0.029687 0.048438
0 0.935156 0.218750 0.048438 0.028125
0 0.902344 0.264062 0.014063 0.046875
0 0.900000 0.289844 0.034375 0.045312
0 0.619531 0.627344 0.045312 0.014063
0 0.623437 0.642969 0.053125 0.014063
0 0.465625 0.558594 0.025000 0.051562
0 0.473438 0.403906 0.028125 0.042188
0 0.483594 0.358594 0.023438 0.051562
0 0.903906 0.927344 0.051562 0.026562
0 0.858594 0.914844 0.035937 0.051562
0 0.828906 0.922656 0.026562 0.054688
0 0.878906 0.946875 0.057813 0.025000
0 0.757031 0.539062 0.035937 0.050000
0 0.435156 0.086719 0.048438 0.020313
0 0.099219 0.925000 0.045312 0.021875
0 0.195312 0.916406 0.028125 0.051562
0 0.195312 0.810937 0.040625 0.028125
0 0.206250 0.782813 0.037500 0.031250
0 0.180469 0.762500 0.035937 0.034375
0 0.182812 0.686719 0.028125 0.048438
0 0.189062 0.547656 0.056250 0.023438
0 0.175781 0.574219 0.029687 0.045312
0 0.196875 0.394531 0.021875 0.048438
0 0.038281 0.428125 0.029687 0.053125
0 0.026562 0.404687 0.028125 0.046875
0 0.014063 0.387500 0.018750 0.043750
0 0.017188 0.346094 0.034375 0.039062
0 0.035937 0.333594 0.037500 0.029687
0 0.044531 0.282031 0.029687 0.045312
0 0.020313 0.282031 0.028125 0.048438
0 0.047656 0.230469 0.026562 0.048438
0 0.060937 0.215625 0.037500 0.040625
0 0.227344 0.267969 0.029687 0.045312
0 0.209375 0.282813 0.025000 0.037500
0 0.189844 0.264844 0.023438 0.045312
0 0.191406 0.228125 0.029687 0.040625
0 0.219531 0.232031 0.032813 0.029687
0 0.198437 0.209375 0.028125 0.021875
0 0.208594 0.175000 0.035937 0.043750
0 0.181250 0.178906 0.037500 0.039062
0 0.106250 0.228125 0.028125 0.031250
0 0.089844 0.215625 0.029687 0.031250
0 0.102344 0.200000 0.023438 0.015625
0 0.105469 0.182031 0.051562 0.020313
0 0.028125 0.160938 0.031250 0.034375
0 0.035156 0.127344 0.032813 0.032813
0 0.007812 0.096875 0.015625 0.050000
0 0.019531 0.134375 0.039062 0.028125
0 0.054688 0.124219 0.034375 0.035937
0 0.089063 0.105469 0.050000 0.026562
0 0.067187 0.152344 0.037500 0.023438
0 0.100000 0.137500 0.034375 0.034375
0 0.198437 0.088281 0.028125 0.064062
0 0.160156 0.073438 0.054688 0.018750
0 0.186719 0.048438 0.051562 0.031250
0 0.007031 0.007031 0.014063 0.014063
0 0.958594 0.664062 0.026562 0.025000
0 0.898438 0.870313 0.021875 0.021875