0 0.407031 0.956250 0.032813 0.040625
0 0.346094 0.900781 0.039062 0.026562
0 0.542969 0.895312 0.048438 0.021875
0 0.702344 0.824219 0.032813 0.039062
0 0.265625 0.814063 0.034375 0.021875
0 0.194531 0.804688 0.035937 0.034375
0 0.544531 0.742969 0.032813 0.045312
0 0.442969 0.690625 0.035937 0.021875
0 0.140625 0.680469 0.025000 0.045312
0 0.496875 0.617969 0.025000 0.048438
0 0.189062 0.605469 0.053125 0.026562
0 0.071094 0.563281 0.048438 0.023438
0 0.015625 0.556250 0.031250 0.031250
0 0.516406 0.511719 0.026562 0.045312
0 0.382812 0.482031 0.021875 0.039062
0 0.317188 0.472656 0.028125 0.045312
0 0.706250 0.438281 0.028125 0.045312
0 0.552344 0.370312 0.032813 0.043750
0 0.621094 0.349219 0.045312 0.032813
0 0.011719 0.332813 0.023438 0.034375
0 0.503906 0.313281 0.023438 0.048438
0 0.536719 0.291406 0.026562 0.045312
0 0.353125 0.280469 0.025000 0.045312
0 0.128906 0.271875 0.042188 0.028125
0 0.601562 0.268750 0.043750 0.034375
0 0.030469 0.244531 0.029687 0.035937
0 0.057031 0.199219 0.023438 0.042188
0 0.680469 0.185938 0.045312 0.034375
0 0.332813 0.189844 0.034375 0.042188
0 0.209375 0.169531 0.025000 0.039062
0 0.049219 0.126562 0.045312 0.021875
0 0.842187 0.029687 0.025000 0.025000
0 0.214062 0.022656 0.053125 0.029687
0 0.853906 0.007812 0.045312 0.015625
0 0.662500 0.022656 0.028125 0.045312
0 0.357031 0.018750 0.032813 0.037500
0 0.723437 0.657031 0.059375 0.029687
0 0.625000 0.775000 0.037500 0.037500
0 0.728125 0.857031 0.050000 0.039062
0 0.309375 0.863281 0.056250 0.029687
0 0.317188 0.830469 0.043750 0.042188
0 0.300000 0.801562 0.040625 0.062500
0 0.318750 0.963281 0.053125 0.042188
0 0.321094 0.937500 0.032813 0.043750
0 0.100781 0.619531 0.045312 0.045312
0 0.187500 0.561719 0.028125 0.048438
0 0.213281 0.565625 0.035937 0.059375
0 0.148438 0.443750 0.037500 0.046875
0 0.123438 0.421094 0.028125 0.051562
0 0.088281 0.594531 0.026562 0.051562
0 0.063281 0.596875 0.029687 0.050000
0 0.040625 0.608594 0.053125 0.029687
0 0.121875 0.186719 0.056250 0.023438
0 0.009375 0.050000 0.018750 0.046875
0 0.445312 0.431250 0.040625 0.053125
0 0.402344 0.427344 0.051562 0.035937
0 0.594531 0.405469 0.045312 0.042188
0 0.639062 0.383594 0.053125 0.032813
0 0.711719 0.300000 0.039062 0.056250
0 0.740625 0.250000 0.040625 0.040625
0 0.734375 0.216406 0.031250 0.042188
0 0.706250 0.200781 0.025000 0.048438
0 0.729688 0.169531 0.028125 0.048438
0 0.726562 0.134375 0.056250 0.021875
0 0.740625 0.042969 0.034375 0.035937
0 0.603906 0.007812 0.039062 0.015625
0 0.506250 0.190625 0.040625 0.040625
0 0.514844 0.220312 0.026562 0.053125
0 0.220312 0.667969 0.043750 0.057813