0 0.689063 0.985156 0.043750 0.017188
0 0.304688 0.982812 0.018750 0.034375
0 0.451562 0.936719 0.040625 0.020313
0 0.140625 0.928906 0.028125 0.032813
0 0.289844 0.900000 0.042188 0.025000
0 0.130469 0.880469 0.026562 0.032813
0 0.378906 0.845313 0.039062 0.028125
0 0.767188 0.817969 0.053125 0.023438
0 0.716406 0.801562 0.051562 0.018750
0 0.624219 0.796875 0.048438 0.031250
0 0.133594 0.764062 0.039062 0.018750
0 0.179688 0.713281 0.043750 0.020313
0 0.213281 0.685156 0.039062 0.020313
0 0.102344 0.685156 0.029687 0.048438
0 0.778125 0.663281 0.046875 0.017188
0 0.385156 0.653125 0.039062 0.028125
0 0.546094 0.635156 0.045312 0.020313
0 0.133594 0.625000 0.017188 0.040625
0 0.876563 0.600781 0.021875 0.045312
0 0.789844 0.568750 0.054688 0.034375
0 0.604688 0.548438 0.028125 0.034375
0 0.502344 0.515625 0.032813 0.031250
0 0.473438 0.492969 0.037500 0.039062
0 0.393750 0.478906 0.040625 0.032813
0 0.706250 0.471875 0.040625 0.028125
0 0.533594 0.461719 0.035937 0.035937
0 0.767969 0.461719 0.020313 0.042188
0 0.060156 0.378125 0.039062 0.025000
0 0.135156 0.361719 0.020313 0.042188
0 0.319531 0.332031 0.029687 0.017188
0 0.707031 0.278906 0.039062 0.029687
0 0.132031 0.249219 0.017188 0.045312
0 0.032813 0.204687 0.025000 0.043750
0 0.237500 0.182812 0.018750 0.043750
0 0.775000 0.159375 0.050000 0.018750
0 0.176563 0.160156 0.037500 0.035937
0 0.700000 0.146875 0.028125 0.043750
0 0.209375 0.128125 0.021875 0.040625
0 0.078125 0.117969 0.034375 0.032813
0 0.231250 0.090625 0.050000 0.018750
0 0.405469 0.067969 0.048438 0.017188
0 0.105469 0.067969 0.032813 0.032813
0 0.771094 0.050781 0.045312 0.032813
0 0.922656 0.013281 0.026562 0.026562
0 0.018750 0.154688 0.028125 0.040625
0 0.011719 0.260156 0.023438 0.042188
0 0.026562 0.270313 0.028125 0.037500
0 0.236719 0.033594 0.029687 0.039062
0 0.233594 0.020313 0.035937 0.031250
0 0.267188 0.020313 0.018750 0.040625
0 0.442188 0.106250 0.034375 0.040625
0 0.471875 0.123438 0.028125 0.043750
0 0.563281 0.125000 0.054688 0.037500
0 0.610938 0.121875 0.046875 0.015625
0 0.644531 0.123438 0.026562 0.046875
0 0.985938 0.325781 0.025000 0.023438
0 0.970313 0.338281 0.034375 0.042188
0 0.517188 0.383594 0.037500 0.017188
0 0.550781 0.389062 0.045312 0.021875
0 0.535156 0.411719 0.042188 0.029687
0 0.537500 0.428125 0.043750 0.025000
0 0.046875 0.561719 0.043750 0.026562
0 0.071875 0.787500 0.040625 0.018750
0 0.260937 0.767969 0.040625 0.023438
0 0.284375 0.737500 0.031250 0.040625
0 0.407031 0.778125 0.035937 0.034375
0 0.394531 0.750000 0.017188 0.012500
0 0.389844 0.806250 0.035937 0.031250
0 0.524219 0.800781 0.045312 0.020313
0 0.517188 0.787500 0.015625 0.012500
0 0.557813 0.803125 0.021875 0.043750
0 0.917969 0.681250 0.026562 0.046875
0 0.637500 0.880469 0.031250 0.048438
0 0.641406 0.907813 0.042188 0.031250
0 0.411719 0.872656 0.042188 0.026562
0 0.416406 0.892969 0.051562 0.017188
0 0.279687 0.950781 0.034375 0.026562
0 0.297656 0.939844 0.020313 0.042188
0 0.078125 0.926562 0.025000 0.040625
0 0.032813 0.978125 0.025000 0.040625