0 0.902344 0.029687 0.029687 0.043750
0 0.468750 0.389844 0.031250 0.042188
0 0.416406 0.848437 0.023438 0.040625
0 0.204687 0.018750 0.034375 0.031250
0 0.426563 0.161719 0.034375 0.029687
0 0.402344 0.296875 0.035937 0.037500
0 0.378906 0.715625 0.023438 0.031250
0 0.290625 0.621094 0.040625 0.029687
0 0.789062 0.642969 0.034375 0.035937
0 0.814063 0.446875 0.025000 0.046875
0 0.504687 0.750781 0.028125 0.035937
0 0.764062 0.183594 0.056250 0.026562
0 0.891406 0.607812 0.023438 0.046875
0 0.166406 0.717187 0.029687 0.040625
0 0.256250 0.610938 0.025000 0.028125
0 0.753125 0.264062 0.040625 0.037500
0 0.725781 0.223438 0.023438 0.037500
0 0.782031 0.243750 0.026562 0.046875
0 0.614062 0.149219 0.043750 0.026562
0 0.648438 0.019531 0.028125 0.035937
0 0.596094 0.178125 0.048438 0.025000
0 0.383594 0.917188 0.026562 0.031250
0 0.532813 0.343750 0.028125 0.040625
0 0.450781 0.546094 0.026562 0.026562
0 0.757031 0.865625 0.051562 0.021875
0 0.516406 0.309375 0.042188 0.021875
0 0.203125 0.712500 0.021875 0.043750
0 0.953125 0.635938 0.046875 0.021875
0 0.175000 0.174219 0.025000 0.042188
0 0.754687 0.894531 0.046875 0.032813
0 0.635938 0.260937 0.046875 0.021875
0 0.427344 0.661719 0.020313 0.039062
0 0.182031 0.227344 0.023438 0.039062
0 0.584375 0.382812 0.018750 0.043750
0 0.986719 0.028125 0.026562 0.046875
0 0.839063 0.825781 0.037500 0.032813
0 0.174219 0.647656 0.017188 0.042188
0 0.562500 0.381250 0.018750 0.046875
0 0.698438 0.067969 0.046875 0.023438
0 0.270313 0.382031 0.028125 0.042188
0 0.663281 0.083594 0.042188 0.017188
0 0.600000 0.257031 0.031250 0.042188
0 0.785937 0.566406 0.037500 0.032813
0 0.303906 0.710938 0.029687 0.040625
0 0.828906 0.209375 0.051562 0.021875
0 0.574219 0.282031 0.026562 0.045312
0 0.613281 0.900000 0.039062 0.025000
0 0.192188 0.453125 0.034375 0.031250
0 0.613281 0.740625 0.039062 0.034375
0 0.225781 0.462500 0.020313 0.043750
0 0.722656 0.567969 0.042188 0.023438
0 0.635156 0.491406 0.051562 0.023438
0 0.871094 0.821094 0.032813 0.035937
0 0.330469 0.340625 0.023438 0.053125
0 0.692969 0.388281 0.020313 0.023438
0 0.986719 0.071094 0.023438 0.042188
0 0.293750 0.214844 0.031250 0.039062
0 0.992969 0.485938 0.010937 0.025000
0 0.853125 0.889062 0.040625 0.034375
0 0.575000 0.921875 0.043750 0.021875
0 0.889062 0.308594 0.034375 0.032813
0 0.646094 0.705469 0.060937 0.017188
0 0.641406 0.473438 0.035937 0.018750
0 0.758594 0.565625 0.029687 0.050000
0 0.921094 0.332813 0.023438 0.046875
0 0.638281 0.921875 0.051562 0.025000
0 0.303125 0.338281 0.040625 0.020313
0 0.263281 0.237500 0.039062 0.028125
0 0.944531 0.006250 0.035937 0.012500
0 0.828125 0.892188 0.031250 0.018750
0 0.964063 0.664844 0.018750 0.020313
0 0.831250 0.797656 0.059375 0.026562
0 0.857031 0.189062 0.032813 0.059375
0 0.669531 0.724219 0.020313 0.017188
0 0.176563 0.418750 0.025000 0.040625
0 0.807031 0.792969 0.029687 0.029687
0 0.513281 0.429688 0.017188 0.018750
0 0.650000 0.726562 0.015625 0.031250