0 0.257812 0.288281 0.046875 0.039062
0 0.961719 0.910156 0.039062 0.035937
0 0.964063 0.675000 0.053125 0.031250
0 0.314844 0.882031 0.051562 0.026562
0 0.303125 0.526563 0.046875 0.031250
0 0.247656 0.474219 0.045312 0.032813
0 0.942187 0.156250 0.053125 0.031250
0 0.909375 0.648438 0.050000 0.028125
0 0.203906 0.210938 0.045312 0.031250
0 0.251563 0.234375 0.056250 0.037500
0 0.934375 0.409375 0.040625 0.040625
0 0.073438 0.651563 0.046875 0.037500
0 0.972656 0.438281 0.039062 0.032813
0 0.132031 0.596875 0.051562 0.021875
0 0.907813 0.767188 0.050000 0.037500
0 0.295312 0.600781 0.046875 0.032813
0 0.195312 0.473438 0.050000 0.021875
0 0.279687 0.099219 0.046875 0.039062
0 0.105469 0.687500 0.051562 0.025000
0 0.133594 0.956250 0.051562 0.018750
0 0.850781 0.826562 0.039062 0.034375
0 0.056250 0.278906 0.031250 0.035937
0 0.927344 0.968750 0.051562 0.018750
0 0.192188 0.083594 0.053125 0.023438
0 0.083594 0.736719 0.023438 0.039062
0 0.423438 0.238281 0.037500 0.042188
0 0.905469 0.817969 0.026562 0.051562
0 0.906250 0.014844 0.040625 0.029687
0 0.975781 0.389844 0.045312 0.020313
0 0.028906 0.989062 0.045312 0.021875
0 0.770312 0.496094 0.040625 0.045312
0 0.817969 0.610156 0.045312 0.035937
0 0.163281 0.877344 0.042188 0.039062
0 0.984375 0.861719 0.028125 0.035937
0 0.253125 0.131250 0.059375 0.021875
0 0.196094 0.873437 0.023438 0.046875
0 0.762500 0.691406 0.021875 0.045312
0 0.766406 0.417187 0.032813 0.043750
0 0.750781 0.187500 0.048438 0.034375
0 0.428125 0.663281 0.037500 0.042188
0 0.771094 0.582031 0.057813 0.026562
0 0.761719 0.821094 0.051562 0.029687
0 0.414844 0.184375 0.029687 0.040625
0 0.423438 0.131250 0.037500 0.034375
0 0.442188 0.882031 0.025000 0.051562
0 0.220312 0.765625 0.028125 0.046875
0 0.379688 0.286719 0.034375 0.039062
0 0.808594 0.396094 0.042188 0.035937
0 0.763281 0.067969 0.023438 0.051562
0 0.989062 0.296094 0.018750 0.029687
0 0.725781 0.011719 0.035937 0.023438
0 0.156250 0.761719 0.046875 0.020313
0 0.421875 0.106250 0.031250 0.043750
0 0.971094 0.306250 0.039062 0.031250
0 0.974219 0.773438 0.039062 0.025000
0 0.431250 0.369531 0.028125 0.039062
0 0.764844 0.214062 0.026562 0.037500
0 0.804688 0.425781 0.040625 0.035937
0 0.310937 0.252344 0.043750 0.029687
0 0.253125 0.628125 0.040625 0.040625
0 0.983594 0.251563 0.023438 0.046875
0 0.957031 0.257812 0.032813 0.028125
0 0.786719 0.452344 0.051562 0.020313
0 0.966406 0.324219 0.051562 0.023438
0 0.410938 0.157031 0.050000 0.017188
0 0.789844 0.612500 0.026562 0.046875
0 0.352344 0.278125 0.020313 0.046875
0 0.425000 0.414844 0.028125 0.039062
0 0.187500 0.752344 0.037500 0.026562
0 0.439063 0.414062 0.021875 0.043750
0 0.746094 0.460938 0.026562 0.040625
0 0.753906 0.112500 0.020313 0.046875