0 0.755469 0.594531 0.026562 0.045312
0 0.239844 0.880469 0.026562 0.042188
0 0.728906 0.165625 0.032813 0.046875
0 0.725781 0.954688 0.051562 0.031250
0 0.047656 0.784375 0.035937 0.037500
0 0.376563 0.957031 0.037500 0.045312
0 0.153125 0.566406 0.034375 0.042188
0 0.920312 0.217188 0.046875 0.025000
0 0.651563 0.323437 0.034375 0.046875
0 0.882812 0.798438 0.037500 0.037500
0 0.725781 0.912500 0.039062 0.037500
0 0.349219 0.550781 0.051562 0.032813
0 0.857031 0.429688 0.048438 0.025000
0 0.114062 0.460156 0.053125 0.035937
0 0.432812 0.342187 0.056250 0.040625
0 0.478906 0.396875 0.032813 0.040625
0 0.468750 0.182031 0.028125 0.048438
0 0.393750 0.439063 0.028125 0.043750
0 0.365625 0.815625 0.021875 0.046875
0 0.603906 0.765625 0.051562 0.028125
0 0.797656 0.700781 0.045312 0.035937
0 0.580469 0.650781 0.023438 0.048438
0 0.078125 0.050000 0.040625 0.043750
0 0.767969 0.267188 0.045312 0.028125
0 0.414062 0.384375 0.040625 0.043750
0 0.028125 0.956250 0.040625 0.037500
0 0.542188 0.969531 0.053125 0.023438
0 0.614062 0.300000 0.037500 0.034375
0 0.395313 0.140625 0.025000 0.040625
0 0.419531 0.070312 0.045312 0.037500
0 0.378125 0.176563 0.050000 0.021875
0 0.286719 0.306250 0.026562 0.046875
0 0.300781 0.193750 0.020313 0.043750
0 0.466406 0.557031 0.023438 0.045312
0 0.474219 0.641406 0.029687 0.051562
0 0.600781 0.800781 0.051562 0.023438
0 0.627344 0.490625 0.054688 0.025000
0 0.366406 0.288281 0.023438 0.051562
0 0.323437 0.318750 0.031250 0.050000
0 0.136719 0.141406 0.032813 0.045312
0 0.049219 0.523438 0.032813 0.040625
0 0.371875 0.014063 0.028125 0.028125
0 0.452344 0.921094 0.035937 0.045312
0 0.402344 0.984375 0.045312 0.031250
0 0.903125 0.988281 0.043750 0.023438
0 0.170313 0.135156 0.040625 0.032813
0 0.164844 0.092188 0.048438 0.018750
0 0.771875 0.008594 0.050000 0.017188
0 0.253125 0.528125 0.053125 0.025000
0 0.016406 0.801562 0.032813 0.025000
0 0.542188 0.669531 0.025000 0.045312
0 0.753906 0.217969 0.039062 0.035937
0 0.453125 0.716406 0.021875 0.042188
0 0.978906 0.825000 0.039062 0.025000
0 0.253906 0.721094 0.048438 0.020313
0 0.019531 0.858594 0.032813 0.045312
0 0.875781 0.746875 0.051562 0.031250
0 0.792188 0.192188 0.040625 0.037500
0 0.449219 0.116406 0.029687 0.045312
0 0.812500 0.246094 0.050000 0.032813
0 0.530469 0.623437 0.020313 0.043750
0 0.246094 0.685937 0.032813 0.031250
0 0.177344 0.446875 0.032813 0.046875
0 0.597656 0.467187 0.023438 0.025000
0 0.861719 0.210156 0.023438 0.045312
0 0.285156 0.617188 0.035937 0.031250
0 0.217188 0.068750 0.037500 0.037500
0 0.475781 0.125000 0.023438 0.050000
0 0.232031 0.558594 0.054688 0.023438
0 0.601562 0.524219 0.021875 0.045312
0 0.598437 0.099219 0.040625 0.032813
0 0.297656 0.056250 0.026562 0.046875
0 0.853125 0.089844 0.043750 0.029687
0 0.547656 0.492188 0.032813 0.050000
0 0.060937 0.014844 0.028125 0.029687
0 0.132812 0.061719 0.053125 0.020313
0 0.267969 0.039062 0.035937 0.021875
0 0.891406 0.026562 0.039062 0.021875
0 0.847656 0.060937 0.045312 0.028125
0 0.221094 0.534375 0.026562 0.028125
0 0.824219 0.209375 0.042188 0.040625
0 0.221094 0.655469 0.032813 0.060937
0 0.256250 0.651563 0.037500 0.025000
0 0.758594 0.336719 0.042188 0.039062
0 0.428125 0.954688 0.056250 0.025000
0 0.239844 0.009375 0.026562 0.018750
0 0.269531 0.107031 0.045312 0.020313
0 0.889844 0.048438 0.054688 0.031250
0 0.374219 0.085156 0.045312 0.026562
0 0.436719 0.036719 0.026562 0.045312
0 0.273438 0.679688 0.021875 0.043750
0 0.217188 0.485156 0.021875 0.045312
0 0.207031 0.440625 0.039062 0.028125
0 0.278125 0.635156 0.034375 0.035937
0 0.164062 0.055469 0.040625 0.023438
0 0.568750 0.516406 0.043750 0.023438
0 0.789844 0.223438 0.039062 0.021875
0 0.371875 0.106250 0.037500 0.021875
0 0.293750 0.670312 0.025000 0.034375
0 0.012500 0.117969 0.025000 0.048438
0 0.615625 0.075781 0.025000 0.042188
0 0.182031 0.023438 0.039062 0.028125
0 0.746875 0.994531 0.046875 0.010937
0 0.261719 0.058594 0.048438 0.017188
0 0.439844 0.007812 0.045312 0.015625
0 0.815625 0.913281 0.034375 0.020313
0 0.180469 0.473438 0.032813 0.015625
0 0.185156 0.008594 0.029687 0.017188
0 0.222656 0.461719 0.029687 0.020313