0 0.570312 0.438281 0.031250 0.045312
0 0.439844 0.342187 0.029687 0.043750
0 0.441406 0.840625 0.032813 0.034375
0 0.794531 0.393750 0.032813 0.043750
0 0.918750 0.529687 0.031250 0.034375
0 0.702344 0.818750 0.035937 0.043750
0 0.743750 0.951562 0.034375 0.037500
0 0.884375 0.985156 0.053125 0.029687
0 0.561719 0.350781 0.039062 0.029687
0 0.769531 0.310156 0.048438 0.020313
0 0.846094 0.190625 0.017188 0.031250
0 0.761719 0.053125 0.035937 0.043750
0 0.766406 0.878125 0.039062 0.037500
0 0.885156 0.413281 0.023438 0.048438
0 0.652344 0.864844 0.035937 0.026562
0 0.935156 0.171875 0.023438 0.053125
0 0.604688 0.329688 0.046875 0.034375
0 0.017969 0.213281 0.035937 0.039062
0 0.381250 0.089844 0.021875 0.048438
0 0.657813 0.551562 0.025000 0.050000
0 0.684375 0.976562 0.025000 0.046875
0 0.974219 0.503906 0.048438 0.023438
0 0.924219 0.422656 0.032813 0.048438
0 0.649219 0.445312 0.042188 0.018750
0 0.589844 0.626563 0.023438 0.050000
0 0.553125 0.892188 0.025000 0.031250
0 0.746094 0.379688 0.045312 0.018750
0 0.569531 0.529687 0.023438 0.050000
0 0.657813 0.476562 0.046875 0.037500
0 0.017969 0.161719 0.026562 0.051562
0 0.549219 0.271875 0.039062 0.040625
0 0.607031 0.971875 0.020313 0.050000
0 0.817187 0.689844 0.037500 0.032813
0 0.961719 0.750781 0.039062 0.032813
0 0.962500 0.682031 0.034375 0.045312
0 0.931250 0.873437 0.037500 0.028125
0 0.617969 0.246875 0.029687 0.050000
0 0.853125 0.715625 0.031250 0.053125
0 0.028125 0.034375 0.018750 0.037500
0 0.020313 0.509375 0.040625 0.021875
0 0.346875 0.825000 0.021875 0.046875
0 0.007031 0.735938 0.014063 0.037500
0 0.815625 0.508594 0.031250 0.042188
0 0.911719 0.914062 0.048438 0.025000
0 0.269531 0.039844 0.020313 0.045312
0 0.443750 0.627344 0.046875 0.023438
0 0.689063 0.664844 0.034375 0.026562
0 0.339062 0.614844 0.028125 0.042188
0 0.653906 0.700000 0.039062 0.031250
0 0.374219 0.235156 0.032813 0.029687
0 0.623437 0.464844 0.050000 0.023438
0 0.318750 0.869531 0.025000 0.051562
0 0.986719 0.710156 0.023438 0.045312
0 0.041406 0.482812 0.035937 0.028125
0 0.321875 0.808594 0.025000 0.045312
0 0.035156 0.342969 0.032813 0.035937
0 0.010937 0.581250 0.021875 0.053125
0 0.964063 0.343750 0.021875 0.050000
0 0.415625 0.477344 0.021875 0.051562
0 0.943750 0.316406 0.025000 0.045312
0 0.660937 0.506250 0.034375 0.037500
0 0.565625 0.253125 0.031250 0.034375
0 0.696875 0.483594 0.025000 0.057813
0 0.774219 0.507812 0.023438 0.040625
0 0.928906 0.303125 0.023438 0.046875
0 0.859375 0.935156 0.021875 0.042188
0 0.948438 0.846094 0.046875 0.026562
0 0.349219 0.414844 0.039062 0.026562
0 0.876563 0.917188 0.025000 0.043750
0 0.410938 0.620313 0.025000 0.037500
0 0.348438 0.257812 0.018750 0.043750
0 0.589844 0.274219 0.023438 0.048438
0 0.977344 0.835156 0.017188 0.032813
0 0.685937 0.702344 0.025000 0.051562
0 0.639844 0.646875 0.023438 0.046875
0 0.664844 0.644531 0.039062 0.023438
0 0.394531 0.259375 0.026562 0.037500
0 0.990625 0.975781 0.015625 0.023438
0 0.608594 0.925781 0.032813 0.048438
0 0.033594 0.571875 0.020313 0.050000
0 0.958594 0.879687 0.029687 0.031250
0 0.316406 0.370312 0.039062 0.031250
0 0.625000 0.718750 0.028125 0.040625
0 0.788281 0.489844 0.020313 0.045312
0 0.447656 0.477344 0.039062 0.023438
0 0.601562 0.682031 0.025000 0.057813
0 0.442188 0.500781 0.028125 0.032813
0 0.343750 0.539844 0.040625 0.032813
0 0.649219 0.676562 0.039062 0.021875
0 0.985156 0.901563 0.026562 0.031250
0 0.410156 0.242969 0.023438 0.051562
0 0.021875 0.379688 0.031250 0.040625
0 0.993750 0.130469 0.012500 0.029687
0 0.317969 0.414844 0.035937 0.032813
0 0.329688 0.259375 0.015625 0.040625
0 0.728906 0.508594 0.039062 0.039062
0 0.566406 0.989844 0.023438 0.020313
0 0.623437 0.911719 0.021875 0.039062
0 0.993750 0.914844 0.009375 0.026562
0 0.985156 0.870313 0.020313 0.034375
0 0.731250 0.532031 0.046875 0.023438
0 0.992188 0.608594 0.012500 0.017188
0 0.325781 0.575000 0.017188 0.037500