0 0.321875 0.555469 0.043750 0.032813
0 0.241406 0.409375 0.035937 0.025000
0 0.828906 0.910937 0.023438 0.031250
0 0.432031 0.918750 0.026562 0.040625
0 0.946094 0.495312 0.032813 0.040625
0 0.288281 0.621875 0.042188 0.034375
0 0.031250 0.385937 0.037500 0.028125
0 0.288281 0.361719 0.042188 0.039062
0 0.743750 0.437500 0.037500 0.034375
0 0.590625 0.517969 0.034375 0.029687
0 0.242188 0.657031 0.021875 0.042188
0 0.905469 0.795312 0.042188 0.025000
0 0.276562 0.122656 0.046875 0.032813
0 0.460938 0.081250 0.031250 0.040625
0 0.519531 0.417969 0.035937 0.026562
0 0.090625 0.541406 0.025000 0.042188
0 0.468750 0.214844 0.025000 0.042188
0 0.658594 0.341406 0.017188 0.042188
0 0.777344 0.957812 0.029687 0.037500
0 0.821094 0.525781 0.042188 0.026562
0 0.178125 0.167969 0.025000 0.048438
0 0.422656 0.437500 0.042188 0.028125
0 0.653125 0.654687 0.031250 0.028125
0 0.693750 0.395313 0.021875 0.046875
0 0.382812 0.575781 0.040625 0.020313
0 0.298438 0.396094 0.056250 0.029687
0 0.607812 0.618750 0.034375 0.034375
0 0.886719 0.569531 0.026562 0.039062
0 0.712500 0.491406 0.025000 0.045312
0 0.246094 0.019531 0.045312 0.035937
0 0.159375 0.072656 0.025000 0.048438
0 0.177344 0.959375 0.045312 0.028125
0 0.552344 0.299219 0.035937 0.042188
0 0.528125 0.718750 0.034375 0.040625
0 0.730469 0.612500 0.032813 0.040625
0 0.451562 0.732812 0.046875 0.021875
0 0.288281 0.767188 0.045312 0.021875
0 0.575781 0.739062 0.039062 0.025000
0 0.607812 0.892969 0.046875 0.023438
0 0.546875 0.642188 0.050000 0.025000
0 0.880469 0.613281 0.035937 0.032813
0 0.187500 0.246875 0.034375 0.043750
0 0.596094 0.984375 0.039062 0.028125
0 0.837500 0.685937 0.040625 0.018750
0 0.880469 0.670312 0.026562 0.043750
0 0.032813 0.171875 0.043750 0.028125
0 0.375781 0.040625 0.042188 0.031250
0 0.671094 0.604688 0.026562 0.046875
0 0.154688 0.546875 0.021875 0.043750
0 0.532813 0.912500 0.034375 0.025000
0 0.702344 0.321094 0.023438 0.029687
0 0.723437 0.782813 0.043750 0.025000
0 0.948438 0.879687 0.040625 0.025000
0 0.093750 0.821875 0.046875 0.021875
0 0.017188 0.771094 0.028125 0.042188
0 0.441406 0.762500 0.020313 0.034375
0 0.494531 0.384375 0.042188 0.018750
0 0.631250 0.444531 0.021875 0.051562
0 0.752344 0.728906 0.045312 0.023438
0 0.777344 0.245312 0.045312 0.021875
0 0.598437 0.856250 0.043750 0.018750
0 0.144531 0.441406 0.023438 0.026562
0 0.678906 0.564063 0.035937 0.037500
0 0.746094 0.680469 0.035937 0.029687
0 0.877344 0.332813 0.045312 0.028125
0 0.791406 0.543750 0.017188 0.040625
0 0.195312 0.513281 0.021875 0.051562
0 0.010937 0.726562 0.015625 0.050000
0 0.217188 0.490625 0.028125 0.046875
0 0.985938 0.627344 0.025000 0.029687
0 0.917969 0.607812 0.039062 0.021875
0 0.285156 0.025781 0.026562 0.051562
0 0.892188 0.372656 0.025000 0.051562
0 0.116406 0.872656 0.032813 0.032813
0 0.192969 0.218750 0.026562 0.046875
0 0.626563 0.820312 0.025000 0.046875
0 0.948438 0.334375 0.031250 0.043750
0 0.893750 0.278125 0.050000 0.025000
0 0.486719 0.031250 0.048438 0.025000
0 0.962500 0.565625 0.031250 0.037500
0 0.864062 0.301563 0.025000 0.031250
0 0.125781 0.959375 0.042188 0.031250
0 0.408594 0.244531 0.035937 0.032813
0 0.896875 0.435937 0.040625 0.025000
0 0.693750 0.811719 0.021875 0.048438
0 0.552344 0.685156 0.039062 0.017188
0 0.457813 0.439844 0.040625 0.026562
0 0.442969 0.255469 0.039062 0.045312
0 0.738281 0.543750 0.051562 0.025000
0 0.665625 0.821875 0.018750 0.040625
0 0.697656 0.631250 0.023438 0.053125
0 0.575000 0.579688 0.050000 0.037500
0 0.982031 0.299219 0.020313 0.026562
0 0.500000 0.457031 0.046875 0.026562
0 0.926562 0.409375 0.028125 0.043750
0 0.801562 0.316406 0.037500 0.029687
0 0.975781 0.318750 0.029687 0.025000
0 0.945312 0.226562 0.040625 0.025000
0 0.550000 0.427344 0.031250 0.029687
0 0.039062 0.020313 0.040625 0.018750
0 0.577344 0.254688 0.029687 0.046875
0 0.193750 0.465625 0.025000 0.037500
0 0.273438 0.247656 0.031250 0.048438
0 0.098437 0.848437 0.043750 0.021875
0 0.982031 0.667969 0.035937 0.023438
0 0.575781 0.446094 0.026562 0.026562
0 0.243750 0.244531 0.037500 0.029687
0 0.367188 0.706250 0.034375 0.037500
0 0.776563 0.633594 0.034375 0.039062
0 0.767969 0.331250 0.020313 0.046875
0 0.211719 0.010156 0.045312 0.020313
0 0.835938 0.238281 0.028125 0.039062
0 0.149219 0.987500 0.032813 0.025000
0 0.985156 0.540625 0.026562 0.037500
0 0.489844 0.010937 0.051562 0.021875
0 0.861719 0.207813 0.042188 0.034375
0 0.742188 0.645312 0.021875 0.040625
0 0.926562 0.247656 0.028125 0.042188
0 0.128906 0.785937 0.042188 0.025000
0 0.522656 0.791406 0.035937 0.032813
0 0.248438 0.047656 0.034375 0.035937
0 0.798438 0.364063 0.018750 0.040625
0 0.816406 0.346875 0.026562 0.046875
0 0.031250 0.043750 0.031250 0.034375
0 0.250781 0.076563 0.023438 0.043750
0 0.801562 0.215625 0.043750 0.021875
0 0.753906 0.290625 0.039062 0.037500
0 0.803125 0.600000 0.018750 0.043750
0 0.278906 0.985156 0.032813 0.029687
0 0.309375 0.968750 0.034375 0.034375
0 0.817969 0.033594 0.023438 0.042188
0 0.982031 0.362500 0.017188 0.037500
0 0.558594 0.197656 0.026562 0.035937
0 0.778125 0.661719 0.043750 0.020313
0 0.924219 0.289844 0.029687 0.029687
0 0.919531 0.375781 0.039062 0.023438
0 0.946094 0.289844 0.017188 0.039062
0 0.150781 0.771094 0.048438 0.023438
0 0.466406 0.464844 0.029687 0.035937
0 0.401562 0.730469 0.046875 0.035937
0 0.398438 0.989844 0.021875 0.017188
0 0.254688 0.192188 0.037500 0.018750
0 0.235937 0.221094 0.040625 0.017188
0 0.278906 0.212500 0.039062 0.021875
0 0.590625 0.378906 0.021875 0.039062
0 0.764062 0.496875 0.028125 0.018750
0 0.364063 0.053906 0.018750 0.035937
0 0.784375 0.693750 0.031250 0.040625
0 0.867969 0.388281 0.029687 0.032813
0 0.518750 0.818750 0.037500 0.021875
0 0.610938 0.790625 0.018750 0.043750
0 0.008594 0.157812 0.017188 0.031250
0 0.401562 0.762500 0.031250 0.043750
0 0.547656 0.231250 0.029687 0.040625
0 0.954688 0.406250 0.021875 0.050000
0 0.992969 0.557031 0.014063 0.032813
0 0.960938 0.268750 0.015625 0.034375
0 0.777344 0.603125 0.032813 0.031250
0 0.849219 0.367188 0.048438 0.034375
0 0.802344 0.410938 0.020313 0.021875
0 0.938281 0.544531 0.020313 0.045312
0 0.823438 0.004687 0.043750 0.009375
0 0.984375 0.249219 0.015625 0.042188
0 0.094531 0.866406 0.035937 0.020313
0 0.395313 0.666406 0.025000 0.045312
0 0.477344 0.839844 0.020313 0.014063
0 0.228906 0.196875 0.023438 0.031250
0 0.229687 0.178125 0.021875 0.025000
0 0.401562 0.864062 0.025000 0.021875
0 0.005469 0.044531 0.010937 0.026562
0 0.969531 0.332813 0.017188 0.015625
0 0.403906 0.685156 0.029687 0.020313
0 0.598437 0.564063 0.021875 0.031250
0 0.707812 0.994531 0.046875 0.010937
0 0.974219 0.250781 0.017188 0.039062
0 0.228906 0.184375 0.023438 0.037500
0 0.009375 0.023438 0.018750 0.046875
0 0.300000 0.078906 0.021875 0.032813
0 0.318750 0.049219 0.037500 0.039062
0 0.667188 0.990625 0.046875 0.015625
0 0.527344 0.830469 0.020313 0.023438
0 0.546875 0.815625 0.021875 0.043750
0 0.570312 0.671875 0.034375 0.015625
0 0.580469 0.648438 0.023438 0.031250
0 0.596875 0.665625 0.025000 0.037500
0 0.615625 0.666406 0.015625 0.023438
0 0.773438 0.565625 0.021875 0.037500
0 0.757812 0.552344 0.015625 0.039062
0 0.775781 0.515625 0.017188 0.028125
0 0.592969 0.456250 0.032813 0.031250
0 0.600781 0.428906 0.023438 0.029687
0 0.577344 0.410938 0.020313 0.043750
0 0.563281 0.389844 0.020313 0.045312
0 0.921875 0.550000 0.018750 0.046875
0 0.992969 0.342969 0.010937 0.032813