0 0.965625 0.814063 0.028125 0.040625
0 0.413281 0.218750 0.039062 0.028125
0 0.873437 0.714063 0.028125 0.037500
0 0.306250 0.469531 0.037500 0.026562
0 0.525781 0.606250 0.039062 0.028125
0 0.457813 0.961719 0.046875 0.029687
0 0.706250 0.417187 0.025000 0.040625
0 0.907813 0.966406 0.043750 0.035937
0 0.885938 0.516406 0.040625 0.026562
0 0.835938 0.589844 0.031250 0.026562
0 0.977344 0.286719 0.032813 0.039062
0 0.691406 0.874219 0.035937 0.029687
0 0.690625 0.757031 0.028125 0.048438
0 0.678125 0.309375 0.031250 0.046875
0 0.717969 0.464062 0.032813 0.037500
0 0.656250 0.857812 0.021875 0.053125
0 0.646094 0.646875 0.045312 0.034375
0 0.517188 0.714063 0.050000 0.028125
0 0.406250 0.864844 0.031250 0.042188
0 0.365625 0.572656 0.046875 0.026562
0 0.456250 0.607031 0.028125 0.045312
0 0.257812 0.896875 0.025000 0.043750
0 0.784375 0.727344 0.043750 0.020313
0 0.793750 0.351562 0.021875 0.040625
0 0.815625 0.202344 0.056250 0.023438
0 0.499219 0.564844 0.020313 0.039062
0 0.181250 0.139844 0.043750 0.029687
0 0.648438 0.707812 0.043750 0.034375
0 0.939844 0.531250 0.042188 0.034375
0 0.689063 0.951562 0.053125 0.028125
0 0.171875 0.351562 0.034375 0.018750
0 0.928906 0.619531 0.042188 0.032813
0 0.454688 0.482031 0.037500 0.054688
0 0.117969 0.210938 0.020313 0.046875
0 0.226562 0.789844 0.050000 0.035937
0 0.412500 0.596875 0.043750 0.025000
0 0.328906 0.664062 0.048438 0.031250
0 0.745313 0.199219 0.040625 0.020313
0 0.770312 0.162500 0.046875 0.028125
0 0.667969 0.162500 0.045312 0.028125
0 0.353906 0.703906 0.023438 0.051562
0 0.917969 0.597656 0.039062 0.026562
0 0.289844 0.809375 0.026562 0.034375
0 0.189844 0.767188 0.026562 0.046875
0 0.646875 0.735156 0.034375 0.039062
0 0.614062 0.160938 0.031250 0.037500
0 0.196875 0.169531 0.031250 0.042188
0 0.255469 0.767188 0.020313 0.050000
0 0.528906 0.825781 0.029687 0.039062
0 0.712500 0.541406 0.050000 0.023438
0 0.107031 0.358594 0.035937 0.042188
0 0.614062 0.872656 0.018750 0.042188
0 0.425000 0.171875 0.046875 0.021875
0 0.501563 0.796094 0.034375 0.032813
0 0.208594 0.279687 0.035937 0.050000
0 0.573438 0.987500 0.031250 0.021875
0 0.392969 0.617969 0.039062 0.039062
0 0.663281 0.987500 0.042188 0.025000
0 0.339062 0.190625 0.040625 0.040625
0 0.188281 0.225000 0.054688 0.021875
0 0.498437 0.822656 0.050000 0.029687
0 0.560937 0.866406 0.043750 0.035937
0 0.230469 0.553906 0.029687 0.039062
0 0.189062 0.203125 0.018750 0.028125
0 0.210938 0.582812 0.028125 0.040625
0 0.692187 0.573438 0.028125 0.043750
0 0.275000 0.142187 0.018750 0.040625
0 0.463281 0.797656 0.039062 0.035937
0 0.244531 0.608594 0.032813 0.039062
0 0.156250 0.759375 0.037500 0.021875
0 0.583594 0.839063 0.039062 0.021875
0 0.923438 0.692969 0.021875 0.017188
0 0.181250 0.529687 0.025000 0.037500
0 0.435156 0.653906 0.014063 0.020313
0 0.317969 0.184375 0.039062 0.021875
0 0.706250 0.914062 0.050000 0.021875
0 0.288281 0.834375 0.023438 0.031250
0 0.111719 0.389844 0.020313 0.032813
0 0.290625 0.181250 0.025000 0.053125
0 0.510156 0.992188 0.023438 0.012500
0 0.253125 0.594531 0.025000 0.042188
0 0.978906 0.992969 0.023438 0.014063
0 0.722656 0.920312 0.032813 0.028125
0 0.182031 0.578906 0.017188 0.035937
0 0.348438 0.960938 0.040625 0.021875
0 0.335938 0.971875 0.056250 0.015625