0 0.184375 0.990625 0.021875 0.018750
0 0.225781 0.985938 0.045312 0.028125
0 0.143750 0.960938 0.037500 0.043750
0 0.729688 0.950781 0.037500 0.032813
0 0.388281 0.946094 0.042188 0.023438
0 0.189844 0.957031 0.026562 0.045312
0 0.610156 0.929688 0.026562 0.037500
0 0.488281 0.916406 0.042188 0.020313
0 0.571094 0.912500 0.039062 0.037500
0 0.260156 0.896094 0.035937 0.029687
0 0.021875 0.903906 0.025000 0.048438
0 0.314844 0.900000 0.023438 0.050000
0 0.457031 0.886719 0.023438 0.032813
0 0.709375 0.857812 0.043750 0.021875
0 0.195312 0.847656 0.043750 0.026562
0 0.415625 0.855469 0.025000 0.051562
0 0.071094 0.850781 0.023438 0.045312
0 0.677344 0.833594 0.035937 0.029687
0 0.529687 0.820312 0.043750 0.021875
0 0.582812 0.810156 0.037500 0.035937
0 0.404687 0.783594 0.053125 0.023438
0 0.238281 0.785156 0.023438 0.045312
0 0.632812 0.757812 0.021875 0.040625
0 0.252344 0.740625 0.048438 0.028125
0 0.447656 0.660937 0.032813 0.037500
0 0.165625 0.642188 0.040625 0.028125
0 0.360156 0.632031 0.042188 0.039062
0 0.560156 0.628125 0.020313 0.053125
0 0.024219 0.603906 0.020313 0.045312
0 0.284375 0.589844 0.037500 0.029687
0 0.773438 0.592187 0.025000 0.046875
0 0.446094 0.517188 0.020313 0.046875
0 0.378125 0.509375 0.025000 0.053125
0 0.342969 0.489063 0.032813 0.040625
0 0.567969 0.457031 0.048438 0.023438
0 0.292187 0.468750 0.025000 0.046875
0 0.085156 0.469531 0.020313 0.048438
0 0.145313 0.443750 0.021875 0.043750
0 0.424219 0.429688 0.029687 0.040625
0 0.201563 0.402344 0.021875 0.039062
0 0.605469 0.393750 0.035937 0.031250
0 0.564844 0.398438 0.029687 0.040625
0 0.780469 0.385156 0.026562 0.035937
0 0.345313 0.384375 0.034375 0.040625
0 0.292969 0.368750 0.035937 0.050000
0 0.807031 0.321094 0.045312 0.026562
0 0.302344 0.320312 0.035937 0.043750
0 0.602344 0.254688 0.023438 0.046875
0 0.313281 0.217188 0.020313 0.046875
0 0.162500 0.205469 0.056250 0.023438
0 0.218750 0.206250 0.031250 0.040625
0 0.420312 0.185938 0.043750 0.018750
0 0.084375 0.187500 0.050000 0.021875
0 0.764062 0.189062 0.028125 0.046875
0 0.353906 0.183594 0.023438 0.048438
0 0.334375 0.177344 0.018750 0.042188
0 0.713281 0.167969 0.045312 0.032813
0 0.787500 0.160938 0.037500 0.037500
0 0.060156 0.657813 0.035937 0.037500
0 0.064062 0.639062 0.031250 0.031250
0 0.148438 0.553906 0.037500 0.035937
0 0.170313 0.578906 0.025000 0.051562
0 0.269531 0.666406 0.032813 0.035937
0 0.260937 0.639844 0.025000 0.045312
0 0.233594 0.688281 0.032813 0.042188
0 0.375781 0.892188 0.017188 0.050000
0 0.367188 0.880469 0.025000 0.054688
0 0.277344 0.935156 0.032813 0.045312
0 0.246094 0.953125 0.029687 0.046875
0 0.409375 0.722656 0.037500 0.032813
0 0.377344 0.708594 0.035937 0.032813
0 0.363281 0.700781 0.032813 0.035937
0 0.355469 0.685937 0.035937 0.040625
0 0.390625 0.660156 0.043750 0.032813
0 0.407031 0.635938 0.023438 0.040625
0 0.125000 0.412500 0.037500 0.050000
0 0.127344 0.368750 0.026562 0.046875
0 0.058594 0.303906 0.039062 0.042188
0 0.054688 0.271094 0.043750 0.026562
0 0.030469 0.260937 0.026562 0.046875
0 0.142969 0.162500 0.032813 0.046875
0 0.197656 0.165625 0.026562 0.040625
0 0.182031 0.168750 0.020313 0.043750
0 0.398438 0.358594 0.031250 0.048438
0 0.369531 0.356250 0.051562 0.025000
0 0.266406 0.407813 0.039062 0.053125
0 0.232813 0.410938 0.018750 0.037500
0 0.246094 0.392188 0.017188 0.046875
0 0.222656 0.367188 0.026562 0.050000
0 0.203906 0.436719 0.048438 0.026562
0 0.207813 0.459375 0.040625 0.031250
0 0.462500 0.148438 0.043750 0.031250
0 0.582031 0.155469 0.032813 0.020313
0 0.621094 0.196875 0.032813 0.031250
0 0.604688 0.171094 0.034375 0.017188
0 0.628906 0.162500 0.032813 0.037500
0 0.644531 0.154688 0.035937 0.025000
0 0.645312 0.138281 0.040625 0.023438
0 0.657813 0.105469 0.028125 0.017188
0 0.642188 0.118750 0.034375 0.015625
0 0.707812 0.110937 0.043750 0.021875
0 0.702344 0.089844 0.048438 0.017188
0 0.742969 0.100000 0.035937 0.021875
0 0.773438 0.108594 0.028125 0.023438
0 0.786719 0.103125 0.026562 0.034375
0 0.866406 0.151562 0.026562 0.046875
0 0.880469 0.178125 0.023438 0.043750
0 0.864844 0.278906 0.029687 0.048438
0 0.887500 0.287500 0.015625 0.059375
0 0.871094 0.313281 0.032813 0.029687
0 0.872656 0.351562 0.026562 0.037500
0 0.874219 0.413281 0.017188 0.042188
0 0.889062 0.416406 0.018750 0.039062
0 0.788281 0.499219 0.042188 0.026562
0 0.749219 0.526563 0.023438 0.043750
0 0.835938 0.854688 0.025000 0.043750
0 0.846094 0.901563 0.023438 0.043750
0 0.818750 0.916406 0.031250 0.029687
0 0.766406 0.880469 0.045312 0.035937
0 0.788281 0.898438 0.035937 0.025000
0 0.785937 0.967187 0.021875 0.040625
0 0.793750 0.992969 0.021875 0.010937
0 0.813281 0.971875 0.023438 0.043750
0 0.832812 0.987500 0.021875 0.021875
0 0.672656 0.931250 0.045312 0.018750
0 0.632031 0.946875 0.035937 0.034375
0 0.560937 0.954688 0.043750 0.025000
0 0.592969 0.975781 0.020313 0.045312
0 0.615625 0.983594 0.021875 0.029687
0 0.571875 0.984375 0.021875 0.028125
0 0.537500 0.988281 0.050000 0.020313
0 0.619531 0.345313 0.023438 0.043750
0 0.628906 0.302344 0.023438 0.045312