0 0.925000 0.980469 0.028125 0.039062
0 0.362500 0.955469 0.040625 0.042188
0 0.975000 0.946875 0.018750 0.046875
0 0.586719 0.922656 0.023438 0.042188
0 0.450000 0.896094 0.040625 0.017188
0 0.882031 0.878125 0.032813 0.028125
0 0.605469 0.882812 0.020313 0.043750
0 0.509375 0.856250 0.018750 0.028125
0 0.634375 0.853125 0.046875 0.037500
0 0.808594 0.827344 0.045312 0.026562
0 0.445312 0.814844 0.046875 0.029687
0 0.615625 0.816406 0.040625 0.035937
0 0.603906 0.782813 0.042188 0.018750
0 0.994531 0.754687 0.010937 0.028125
0 0.655469 0.764062 0.029687 0.050000
0 0.539062 0.753906 0.025000 0.045312
0 0.435156 0.743750 0.035937 0.043750
0 0.678906 0.733594 0.032813 0.042188
0 0.983594 0.721875 0.032813 0.025000
0 0.458594 0.703125 0.045312 0.021875
0 0.641406 0.705469 0.039062 0.042188
0 0.958594 0.596094 0.029687 0.042188
0 0.724219 0.576562 0.045312 0.021875
0 0.928906 0.556250 0.035937 0.034375
0 0.907813 0.532031 0.040625 0.017188
0 0.365625 0.529687 0.043750 0.031250
0 0.314063 0.530469 0.018750 0.042188
0 0.836719 0.485156 0.045312 0.035937
0 0.872656 0.459375 0.048438 0.031250
0 0.542969 0.411719 0.035937 0.032813
0 0.008594 0.386719 0.017188 0.023438
0 0.506250 0.378125 0.028125 0.046875
0 0.875000 0.364844 0.018750 0.042188
0 0.982031 0.328125 0.035937 0.028125
0 0.480469 0.322656 0.032813 0.045312
0 0.007031 0.204687 0.014063 0.028125
0 0.964063 0.188281 0.043750 0.020313
0 0.464844 0.185938 0.035937 0.040625
0 0.790625 0.164844 0.046875 0.039062
0 0.318750 0.117188 0.031250 0.056250
0 0.560156 0.104688 0.020313 0.034375
0 0.764062 0.103125 0.025000 0.037500
0 0.978906 0.100000 0.029687 0.037500
0 0.738281 0.100000 0.023438 0.043750
0 0.799219 0.096875 0.023438 0.053125
0 0.486719 0.084375 0.042188 0.034375
0 0.957031 0.035937 0.032813 0.031250
0 0.771094 0.042969 0.020313 0.045312
0 0.449219 0.037500 0.035937 0.034375
0 0.661719 0.035937 0.032813 0.037500
0 0.628906 0.471094 0.026562 0.054688
0 0.634375 0.514062 0.034375 0.028125
0 0.627344 0.420312 0.035937 0.050000
0 0.467187 0.379688 0.043750 0.031250
0 0.453906 0.350000 0.035937 0.034375
0 0.402344 0.264062 0.039062 0.037500
0 0.356250 0.254688 0.043750 0.053125
0 0.319531 0.239844 0.039062 0.039062
0 0.308594 0.169531 0.035937 0.042188
0 0.596875 0.057813 0.021875 0.050000
0 0.630469 0.059375 0.045312 0.034375
0 0.684375 0.211719 0.046875 0.042188
0 0.642969 0.230469 0.042188 0.045312
0 0.837500 0.118750 0.040625 0.040625
0 0.842969 0.150781 0.023438 0.048438
0 0.850000 0.195312 0.031250 0.053125
0 0.812500 0.201563 0.050000 0.034375
0 0.929688 0.084375 0.050000 0.037500
0 0.948438 0.110156 0.043750 0.039062
0 0.927344 0.141406 0.039062 0.039062
0 0.937500 0.150000 0.037500 0.034375
0 0.951562 0.163281 0.040625 0.029687
0 0.879687 0.414062 0.040625 0.034375
0 0.839063 0.400000 0.037500 0.025000
0 0.821094 0.378125 0.035937 0.053125
0 0.817969 0.336719 0.029687 0.020313
0 0.794531 0.342969 0.032813 0.035937
0 0.772656 0.313281 0.048438 0.026562
0 0.771875 0.377344 0.034375 0.054688
0 0.762500 0.409375 0.031250 0.043750
0 0.741406 0.431250 0.017188 0.050000
0 0.715625 0.415625 0.037500 0.050000
0 0.954688 0.733594 0.034375 0.039062
0 0.934375 0.752344 0.053125 0.026562
0 0.844531 0.800781 0.023438 0.048438
0 0.814063 0.783594 0.025000 0.054688
0 0.801562 0.929688 0.025000 0.043750
0 0.789844 0.942969 0.020313 0.051562
0 0.658594 0.978125 0.042188 0.028125
0 0.656250 0.946094 0.028125 0.045312
0 0.614062 0.982031 0.025000 0.032813
0 0.522656 0.986719 0.020313 0.023438
0 0.655469 0.833594 0.026562 0.042188
0 0.664062 0.817187 0.034375 0.046875
0 0.689063 0.783594 0.043750 0.035937
0 0.703125 0.678125 0.021875 0.050000
0 0.680469 0.672656 0.023438 0.045312
0 0.439063 0.860156 0.040625 0.039062
0 0.393750 0.835156 0.050000 0.020313
0 0.353125 0.846875 0.021875 0.046875
0 0.322656 0.841406 0.035937 0.039062
0 0.327344 0.865625 0.048438 0.021875
0 0.333594 0.887500 0.045312 0.025000
0 0.313281 0.892969 0.045312 0.042188
0 0.392188 0.781250 0.031250 0.050000
0 0.364844 0.775781 0.045312 0.017188
0 0.364844 0.742969 0.039062 0.042188
0 0.306250 0.685156 0.025000 0.048438
0 0.317188 0.644531 0.028125 0.039062
0 0.333594 0.613281 0.051562 0.023438
0 0.303125 0.589844 0.025000 0.032813
0 0.294531 0.619531 0.020313 0.042188
0 0.298438 0.392969 0.034375 0.039062
0 0.021875 0.960938 0.021875 0.034375
0 0.010937 0.757031 0.021875 0.042188
0 0.009375 0.597656 0.018750 0.032813
0 0.005469 0.349219 0.010937 0.017188
0 0.010156 0.278125 0.020313 0.043750
0 0.004687 0.243750 0.009375 0.021875
0 0.006250 0.857031 0.012500 0.035937
0 0.014844 0.905469 0.020313 0.045312
0 0.931250 0.355469 0.031250 0.035937
0 0.939063 0.324219 0.034375 0.032813