0 0.951562 0.328906 0.034375 0.029687
0 0.351562 0.746094 0.031250 0.032813
0 0.093750 0.440625 0.021875 0.043750
0 0.476562 0.370312 0.034375 0.031250
0 0.270313 0.635938 0.034375 0.028125
0 0.100000 0.531250 0.037500 0.034375
0 0.976562 0.282813 0.040625 0.028125
0 0.398438 0.621094 0.034375 0.035937
0 0.957031 0.524219 0.020313 0.048438
0 0.501563 0.461719 0.040625 0.029687
0 0.152344 0.111719 0.035937 0.029687
0 0.553125 0.231250 0.037500 0.034375
0 0.205469 0.696094 0.039062 0.029687
0 0.101562 0.163281 0.034375 0.032813
0 0.017188 0.503906 0.034375 0.039062
0 0.246875 0.316406 0.043750 0.020313
0 0.128906 0.029687 0.026562 0.043750
0 0.167969 0.878125 0.032813 0.028125
0 0.425000 0.664062 0.046875 0.021875
0 0.556250 0.380469 0.025000 0.048438
0 0.296875 0.410156 0.043750 0.023438
0 0.977344 0.176563 0.042188 0.021875
0 0.016406 0.286719 0.023438 0.042188
0 0.067969 0.153906 0.035937 0.039062
0 0.292969 0.827344 0.035937 0.048438
0 0.967969 0.807813 0.032813 0.037500
0 0.051562 0.873437 0.043750 0.021875
0 0.600781 0.335938 0.032813 0.043750
0 0.194531 0.596875 0.017188 0.043750
0 0.499219 0.198437 0.039062 0.034375
0 0.557031 0.280469 0.032813 0.042188
0 0.496875 0.917969 0.050000 0.029687
0 0.037500 0.308594 0.037500 0.035937
0 0.591406 0.063281 0.042188 0.035937
0 0.331250 0.261719 0.031250 0.032813
0 0.442969 0.929688 0.039062 0.034375
0 0.374219 0.147656 0.026562 0.035937
0 0.238281 0.906250 0.035937 0.034375
0 0.540625 0.965625 0.037500 0.034375
0 0.537500 0.749219 0.034375 0.042188
0 0.069531 0.076563 0.039062 0.034375
0 0.585156 0.151562 0.042188 0.021875
0 0.883594 0.914844 0.017188 0.042188
0 0.024219 0.762500 0.020313 0.037500
0 0.203906 0.435937 0.042188 0.037500
0 0.960938 0.682813 0.046875 0.025000
0 0.583594 0.190625 0.051562 0.025000
0 0.515625 0.603125 0.031250 0.043750
0 0.925000 0.642188 0.034375 0.037500
0 0.326562 0.064844 0.034375 0.035937
0 0.010156 0.401562 0.017188 0.021875
0 0.479687 0.498437 0.028125 0.025000
0 0.335156 0.460156 0.035937 0.029687
0 0.607812 0.915625 0.031250 0.040625
0 0.611719 0.412500 0.039062 0.028125
0 0.333594 0.483594 0.045312 0.020313
0 0.085156 0.032813 0.045312 0.040625
0 0.954688 0.055469 0.037500 0.051562
0 0.452344 0.238281 0.029687 0.048438
0 0.098437 0.256250 0.018750 0.046875
0 0.904687 0.288281 0.021875 0.051562
0 0.900781 0.199219 0.042188 0.020313
0 0.494531 0.316406 0.023438 0.045312
0 0.554688 0.009375 0.028125 0.018750
0 0.492969 0.986719 0.020313 0.026562
0 0.303125 0.990625 0.025000 0.018750
0 0.904687 0.348438 0.050000 0.021875
0 0.490625 0.270313 0.031250 0.043750
0 0.871094 0.943750 0.045312 0.018750
0 0.171875 0.295312 0.018750 0.034375
0 0.232031 0.886719 0.032813 0.035937
0 0.572656 0.767969 0.045312 0.020313
0 0.905469 0.375781 0.039062 0.035937
0 0.497656 0.777344 0.039062 0.035937
0 0.589844 0.602344 0.026562 0.042188
0 0.433594 0.007812 0.035937 0.015625
0 0.908594 0.614844 0.039062 0.020313
0 0.157812 0.987500 0.031250 0.025000
0 0.524219 0.135156 0.026562 0.035937
0 0.272656 0.987500 0.035937 0.021875
0 0.541406 0.149219 0.020313 0.032813
0 0.041406 0.087500 0.039062 0.025000
0 0.049219 0.701562 0.023438 0.040625
0 0.468750 0.562500 0.031250 0.021875
0 0.304688 0.203125 0.025000 0.037500
0 0.925781 0.817969 0.023438 0.057813
0 0.918750 0.882812 0.028125 0.037500
0 0.918750 0.584375 0.021875 0.046875
0 0.888281 0.422656 0.042188 0.035937
0 0.892969 0.750000 0.023438 0.050000
0 0.544531 0.824219 0.020313 0.045312
0 0.576562 0.480469 0.031250 0.051562
0 0.621094 0.185156 0.020313 0.054688
0 0.149219 0.565625 0.023438 0.046875
0 0.601562 0.870313 0.031250 0.043750
0 0.030469 0.169531 0.039062 0.045312
0 0.402344 0.926562 0.045312 0.028125
0 0.841406 0.971875 0.042188 0.015625
0 0.367969 0.986719 0.023438 0.026562
0 0.879687 0.963281 0.040625 0.020313
0 0.065625 0.282813 0.056250 0.037500
0 0.925781 0.413281 0.054688 0.023438
0 0.571875 0.725000 0.034375 0.025000
0 0.914062 0.050781 0.037500 0.035937
0 0.594531 0.488281 0.020313 0.042188
0 0.487500 0.232813 0.043750 0.025000
0 0.058594 0.725000 0.020313 0.050000
0 0.500000 0.565625 0.040625 0.028125
0 0.442188 0.110937 0.031250 0.034375
0 0.266406 0.840625 0.035937 0.021875
0 0.592969 0.717969 0.035937 0.032813
0 0.444531 0.152344 0.023438 0.029687
0 0.403125 0.469531 0.031250 0.023438
0 0.933594 0.857812 0.026562 0.028125
0 0.578906 0.746875 0.042188 0.018750
0 0.898438 0.844531 0.018750 0.042188
0 0.988281 0.665625 0.020313 0.021875
0 0.005469 0.148438 0.010937 0.034375
0 0.311719 0.231250 0.020313 0.046875
0 0.293750 0.102344 0.040625 0.020313
0 0.400000 0.898438 0.031250 0.031250
0 0.611719 0.575000 0.023438 0.046875
0 0.517969 0.804688 0.032813 0.037500
0 0.596875 0.553125 0.018750 0.043750
0 0.888281 0.802344 0.017188 0.051562
0 0.296094 0.243750 0.017188 0.037500
0 0.464062 0.204687 0.034375 0.025000
0 0.615625 0.520312 0.015625 0.043750
0 0.428906 0.132812 0.032813 0.015625
0 0.622656 0.990625 0.023438 0.015625
0 0.448437 0.201563 0.043750 0.028125
0 0.248438 0.992188 0.018750 0.012500
0 0.185938 0.994531 0.031250 0.010937
0 0.995313 0.739844 0.009375 0.048438
0 0.518750 0.828125 0.028125 0.021875
0 0.071875 0.301563 0.021875 0.021875
0 0.400000 0.449219 0.025000 0.026562