0 0.285156 0.303125 0.032813 0.040625
0 0.119531 0.582812 0.032813 0.034375
0 0.401562 0.625781 0.021875 0.035937
0 0.401562 0.358594 0.040625 0.035937
0 0.148438 0.380469 0.034375 0.026562
0 0.106250 0.192969 0.025000 0.042188
0 0.411719 0.843750 0.032813 0.034375
0 0.385937 0.976562 0.037500 0.025000
0 0.683594 0.336719 0.045312 0.035937
0 0.318750 0.566406 0.021875 0.045312
0 0.371094 0.470313 0.039062 0.021875
0 0.735156 0.223438 0.039062 0.034375
0 0.344531 0.917188 0.035937 0.034375
0 0.942969 0.228125 0.045312 0.021875
0 0.253125 0.217969 0.028125 0.042188
0 0.853906 0.114844 0.045312 0.020313
0 0.800781 0.526563 0.032813 0.043750
0 0.917188 0.442969 0.043750 0.035937
0 0.535156 0.592969 0.039062 0.023438
0 0.422656 0.430469 0.029687 0.042188
0 0.300781 0.349219 0.042188 0.020313
0 0.090625 0.973437 0.028125 0.050000
0 0.838281 0.267969 0.042188 0.035937
0 0.793750 0.624219 0.046875 0.020313
0 0.475781 0.985156 0.039062 0.029687
0 0.219531 0.171875 0.039062 0.018750
0 0.343750 0.427344 0.050000 0.023438
0 0.743750 0.072656 0.046875 0.026562
0 0.414844 0.118750 0.045312 0.021875
0 0.267188 0.396094 0.021875 0.045312
0 0.864062 0.732812 0.018750 0.043750
0 0.767188 0.339062 0.050000 0.025000
0 0.114844 0.620313 0.035937 0.025000
0 0.875781 0.489063 0.048438 0.025000
0 0.632031 0.942187 0.029687 0.037500
0 0.170313 0.546094 0.031250 0.026562
0 0.703906 0.571094 0.042188 0.039062
0 0.429688 0.500781 0.043750 0.020313
0 0.531250 0.215625 0.025000 0.043750
0 0.060937 0.305469 0.015625 0.042188
0 0.973437 0.346094 0.050000 0.026562
0 0.237500 0.417187 0.031250 0.028125
0 0.937500 0.126562 0.021875 0.053125
0 0.779687 0.030469 0.028125 0.048438
0 0.082031 0.370312 0.020313 0.046875
0 0.750000 0.300000 0.028125 0.043750
0 0.876563 0.402344 0.018750 0.045312
0 0.254688 0.899219 0.043750 0.026562
0 0.580469 0.353906 0.051562 0.023438
0 0.746875 0.021875 0.031250 0.028125
0 0.164844 0.579688 0.039062 0.025000
0 0.017188 0.419531 0.031250 0.035937
0 0.425781 0.225000 0.032813 0.028125
0 0.190625 0.762500 0.028125 0.037500
0 0.978125 0.304688 0.040625 0.028125
0 0.900781 0.127344 0.023438 0.048438
0 0.985938 0.484375 0.028125 0.040625
0 0.059375 0.904687 0.031250 0.034375
0 0.640625 0.379688 0.040625 0.028125
0 0.450781 0.200781 0.042188 0.026562
0 0.550000 0.046094 0.037500 0.045312
0 0.335938 0.817187 0.028125 0.043750
0 0.664844 0.398438 0.029687 0.046875
0 0.990625 0.421094 0.018750 0.032813
0 0.934375 0.292969 0.046875 0.029687
0 0.914844 0.339844 0.039062 0.023438
0 0.500000 0.812500 0.018750 0.040625
0 0.301563 0.874219 0.050000 0.023438
0 0.038281 0.105469 0.017188 0.048438
0 0.237500 0.460156 0.046875 0.023438
0 0.226562 0.275000 0.018750 0.046875
0 0.911719 0.372656 0.026562 0.039062
0 0.537500 0.328125 0.034375 0.034375
0 0.754687 0.931250 0.025000 0.043750
0 0.910937 0.281250 0.034375 0.031250
0 0.058594 0.851562 0.026562 0.040625
0 0.686719 0.122656 0.035937 0.029687
0 0.554688 0.010937 0.037500 0.021875
0 0.286719 0.217969 0.020313 0.042188
0 0.548438 0.992969 0.037500 0.014063
0 0.930469 0.369531 0.020313 0.042188
0 0.680469 0.434375 0.023438 0.046875
0 0.123438 0.477344 0.040625 0.032813
0 0.954688 0.573438 0.034375 0.034375
0 0.033594 0.660156 0.020313 0.042188
0 0.653125 0.455469 0.037500 0.023438
0 0.678125 0.601562 0.043750 0.018750
0 0.667969 0.525781 0.042188 0.026562
0 0.300000 0.398438 0.021875 0.018750
0 0.984375 0.534375 0.031250 0.037500
0 0.364063 0.342187 0.021875 0.025000
0 0.148438 0.642969 0.028125 0.032813
0 0.172656 0.648438 0.020313 0.046875
0 0.072656 0.834375 0.035937 0.018750
0 0.667969 0.125781 0.035937 0.029687
0 0.771875 0.534375 0.015625 0.040625
0 0.150781 0.414062 0.048438 0.021875
0 0.574219 0.372656 0.026562 0.023438
0 0.594531 0.653125 0.020313 0.046875
0 0.221875 0.742969 0.040625 0.017188
0 0.422656 0.185938 0.032813 0.037500
0 0.282031 0.609375 0.029687 0.031250
0 0.319531 0.173437 0.023438 0.040625
0 0.312500 0.842969 0.018750 0.039062
0 0.140625 0.973437 0.037500 0.043750
0 0.941406 0.540625 0.039062 0.028125
0 0.795312 0.971875 0.021875 0.050000
0 0.666406 0.639844 0.029687 0.035937
0 0.903906 0.527344 0.020313 0.051562
0 0.990625 0.689063 0.015625 0.021875
0 0.195312 0.461719 0.043750 0.029687
0 0.665625 0.477344 0.025000 0.035937
0 0.296094 0.971875 0.023438 0.021875
0 0.512500 0.200781 0.021875 0.042188
0 0.923438 0.988281 0.025000 0.023438
0 0.039062 0.902344 0.018750 0.042188
0 0.778906 0.496094 0.029687 0.029687
0 0.215625 0.367188 0.040625 0.028125
0 0.646875 0.611719 0.018750 0.045312
0 0.170313 0.430469 0.037500 0.026562
0 0.207031 0.435937 0.039062 0.018750
0 0.125000 0.446094 0.015625 0.042188
0 0.639062 0.525000 0.021875 0.050000
0 0.795312 0.842969 0.021875 0.048438
0 0.774219 0.846094 0.026562 0.039062
0 0.304688 0.194531 0.021875 0.042188
0 0.216406 0.389062 0.020313 0.028125
0 0.713281 0.943750 0.014063 0.037500
0 0.198437 0.586719 0.031250 0.032813
0 0.915625 0.556250 0.028125 0.034375
0 0.767969 0.007031 0.023438 0.014063
0 0.442188 0.271094 0.018750 0.039062
0 0.495312 0.204687 0.021875 0.021875
0 0.194531 0.723437 0.032813 0.028125
0 0.730469 0.950000 0.026562 0.040625
0 0.192969 0.562500 0.032813 0.025000
0 0.269531 0.593750 0.017188 0.034375
0 0.185156 0.415625 0.017188 0.040625