0 0.182812 0.610938 0.034375 0.037500
0 0.481250 0.079687 0.028125 0.037500
0 0.465625 0.691406 0.025000 0.035937
0 0.598437 0.107813 0.037500 0.028125
0 0.178906 0.021094 0.035937 0.039062
0 0.705469 0.460938 0.035937 0.037500
0 0.214062 0.603125 0.031250 0.040625
0 0.601562 0.412500 0.046875 0.031250
0 0.573438 0.757812 0.046875 0.028125
0 0.132812 0.624219 0.018750 0.042188
0 0.152344 0.364844 0.035937 0.026562
0 0.055469 0.050781 0.026562 0.039062
0 0.644531 0.601562 0.026562 0.031250
0 0.405469 0.184375 0.017188 0.037500
0 0.093750 0.850000 0.043750 0.031250
0 0.131250 0.197656 0.031250 0.032813
0 0.583594 0.698438 0.029687 0.040625
0 0.327344 0.274219 0.042188 0.020313
0 0.616406 0.912500 0.032813 0.046875
0 0.629687 0.769531 0.043750 0.023438
0 0.067187 0.390625 0.031250 0.040625
0 0.728125 0.052344 0.025000 0.045312
0 0.627344 0.813281 0.023438 0.042188
0 0.103906 0.882031 0.042188 0.029687
0 0.585938 0.644531 0.046875 0.023438
0 0.111719 0.424219 0.032813 0.042188
0 0.571875 0.196094 0.046875 0.020313
0 0.253906 0.488281 0.048438 0.026562
0 0.114844 0.154688 0.035937 0.034375
0 0.657031 0.429688 0.023438 0.043750
0 0.505469 0.154688 0.035937 0.031250
0 0.460156 0.517188 0.045312 0.021875
0 0.172656 0.421875 0.026562 0.040625
0 0.234375 0.182812 0.037500 0.034375
0 0.489844 0.171875 0.032813 0.037500
0 0.569531 0.267188 0.039062 0.025000
0 0.762500 0.129688 0.050000 0.028125
0 0.607031 0.228906 0.035937 0.032813
0 0.557813 0.229687 0.040625 0.018750
0 0.682813 0.732812 0.021875 0.043750
0 0.307031 0.680469 0.020313 0.051562
0 0.653906 0.670312 0.035937 0.043750
0 0.104688 0.964063 0.021875 0.053125
0 0.047656 0.680469 0.020313 0.045312
0 0.036719 0.722656 0.048438 0.023438
0 0.128125 0.065625 0.025000 0.046875
0 0.039062 0.875781 0.021875 0.045312
0 0.568750 0.563281 0.031250 0.042188
0 0.264062 0.167187 0.034375 0.037500
0 0.350000 0.986719 0.028125 0.023438
0 0.083594 0.143750 0.029687 0.043750
0 0.647656 0.698438 0.045312 0.028125
0 0.350000 0.028125 0.037500 0.037500
0 0.767188 0.622656 0.025000 0.042188
0 0.399219 0.987500 0.029687 0.021875
0 0.494531 0.366406 0.032813 0.032813
0 0.209375 0.196875 0.040625 0.025000
0 0.156250 0.281250 0.034375 0.040625
0 0.699219 0.893750 0.048438 0.031250
0 0.042188 0.553906 0.018750 0.029687
0 0.144531 0.839063 0.020313 0.037500
0 0.769531 0.084375 0.023438 0.046875
0 0.057031 0.422656 0.045312 0.026562
0 0.337500 0.401562 0.018750 0.034375
0 0.041406 0.915625 0.048438 0.021875
0 0.131250 0.973437 0.021875 0.043750
0 0.200000 0.767188 0.031250 0.040625
0 0.176563 0.508594 0.018750 0.023438
0 0.569531 0.987500 0.026562 0.021875
0 0.198437 0.274219 0.046875 0.039062
0 0.045312 0.143750 0.025000 0.037500
0 0.027344 0.935156 0.039062 0.023438
0 0.614844 0.985156 0.035937 0.029687
0 0.007031 0.460938 0.014063 0.046875
0 0.085156 0.021094 0.035937 0.020313
0 0.710156 0.933594 0.020313 0.045312
0 0.616406 0.710156 0.017188 0.042188
0 0.012500 0.903125 0.025000 0.043750
0 0.073438 0.185938 0.028125 0.046875
0 0.185156 0.306250 0.045312 0.021875
0 0.461719 0.191406 0.045312 0.035937
0 0.776563 0.317188 0.028125 0.040625
0 0.691406 0.257812 0.029687 0.040625
0 0.164062 0.249219 0.018750 0.045312
0 0.012500 0.785937 0.018750 0.050000
0 0.753906 0.817187 0.023438 0.037500
0 0.618750 0.309375 0.053125 0.028125
0 0.370312 0.539844 0.043750 0.035937
0 0.019531 0.989062 0.032813 0.021875
0 0.051562 0.988281 0.034375 0.020313
0 0.332031 0.553906 0.023438 0.039062
0 0.007812 0.556250 0.015625 0.028125
0 0.261719 0.017188 0.026562 0.034375
0 0.007812 0.195312 0.015625 0.028125
0 0.235156 0.009375 0.017188 0.018750
0 0.682031 0.926562 0.023438 0.053125
0 0.655469 0.338281 0.045312 0.023438
0 0.705469 0.269531 0.017188 0.042188
0 0.767969 0.773438 0.023438 0.040625
0 0.168750 0.992969 0.018750 0.014063
0 0.771875 0.946094 0.021875 0.048438
0 0.025000 0.386719 0.050000 0.023438
0 0.732031 0.297656 0.045312 0.020313
0 0.358594 0.557813 0.023438 0.037500
0 0.035156 0.159375 0.039062 0.028125
0 0.766406 0.458594 0.026562 0.048438
0 0.200000 0.429688 0.025000 0.018750
0 0.763281 0.239844 0.042188 0.035937
0 0.471094 0.308594 0.023438 0.039062
0 0.728906 0.882031 0.042188 0.023438
0 0.236719 0.107813 0.029687 0.031250
0 0.783594 0.425781 0.035937 0.026562
0 0.041406 0.782031 0.035937 0.023438
0 0.249219 0.137500 0.045312 0.040625
0 0.078906 0.010937 0.032813 0.021875
0 0.629687 0.279687 0.025000 0.043750
0 0.693750 0.006250 0.018750 0.012500
0 0.084375 0.796875 0.043750 0.025000
0 0.236719 0.992969 0.039062 0.014063
0 0.718750 0.341406 0.034375 0.048438
0 0.605469 0.252344 0.020313 0.029687
0 0.042969 0.754687 0.023438 0.025000
0 0.231250 0.390625 0.056250 0.034375
0 0.657813 0.375781 0.034375 0.039062
0 0.465625 0.349219 0.018750 0.039062
0 0.744531 0.851562 0.045312 0.018750
0 0.060156 0.800781 0.032813 0.026562
0 0.317969 0.603125 0.020313 0.046875
0 0.220312 0.830469 0.028125 0.051562
0 0.107031 0.760156 0.035937 0.017188
0 0.126562 0.771094 0.025000 0.039062
0 0.751563 0.279687 0.034375 0.018750
0 0.085156 0.773438 0.042188 0.021875
0 0.735938 0.260156 0.025000 0.017188
0 0.721094 0.995313 0.020313 0.009375
0 0.236719 0.408594 0.026562 0.020313
0 0.742969 0.871094 0.035937 0.017188
0 0.763281 0.993750 0.023438 0.012500
0 0.004687 0.397656 0.009375 0.029687
0 0.081250 0.817187 0.018750 0.025000
0 0.673438 0.218750 0.015625 0.018750
0 0.654687 0.286719 0.040625 0.042188
0 0.763281 0.271875 0.020313 0.031250
0 0.753906 0.303125 0.029687 0.025000
0 0.707031 0.328125 0.014063 0.018750
0 0.666406 0.354687 0.020313 0.028125
0 0.777344 0.834375 0.020313 0.046875
0 0.775000 0.802344 0.043750 0.017188
0 0.213281 0.800000 0.023438 0.018750
0 0.114844 0.794531 0.026562 0.017188