0 0.318750 0.992969 0.037500 0.014063
0 0.806250 0.990625 0.025000 0.018750
0 0.228125 0.976562 0.028125 0.046875
0 0.480469 0.950000 0.023438 0.043750
0 0.964063 0.932813 0.031250 0.031250
0 0.917969 0.910156 0.020313 0.045312
0 0.485938 0.875000 0.034375 0.021875
0 0.289844 0.860938 0.032813 0.037500
0 0.198437 0.853906 0.025000 0.045312
0 0.372656 0.840625 0.020313 0.034375
0 0.492969 0.837500 0.029687 0.034375
0 0.335156 0.836719 0.035937 0.035937
0 0.171875 0.831250 0.040625 0.025000
0 0.104688 0.825781 0.025000 0.032813
0 0.410938 0.815625 0.025000 0.025000
0 0.018750 0.807813 0.025000 0.040625
0 0.987500 0.799219 0.025000 0.026562
0 0.756250 0.785156 0.043750 0.020313
0 0.613281 0.729688 0.045312 0.018750
0 0.121094 0.725000 0.026562 0.031250
0 0.201563 0.705469 0.034375 0.017188
0 0.004687 0.712500 0.009375 0.043750
0 0.656250 0.693750 0.025000 0.040625
0 0.252344 0.675000 0.026562 0.028125
0 0.286719 0.671094 0.020313 0.048438
0 0.010156 0.664844 0.020313 0.035937
0 0.075781 0.606250 0.035937 0.021875
0 0.419531 0.603125 0.035937 0.037500
0 0.936719 0.575781 0.032813 0.020313
0 0.090625 0.578125 0.028125 0.043750
0 0.281250 0.569531 0.015625 0.042188
0 0.027344 0.550000 0.029687 0.028125
0 0.735156 0.543750 0.029687 0.031250
0 0.697656 0.507031 0.042188 0.026562
0 0.991406 0.503125 0.017188 0.028125
0 0.418750 0.495312 0.018750 0.021875
0 0.492188 0.482812 0.040625 0.031250
0 0.541406 0.440625 0.042188 0.018750
0 0.403906 0.449219 0.020313 0.045312
0 0.587500 0.446094 0.034375 0.042188
0 0.235937 0.441406 0.028125 0.039062
0 0.265625 0.423438 0.037500 0.037500
0 0.088281 0.413281 0.039062 0.020313
0 0.575781 0.390625 0.020313 0.034375
0 0.876563 0.389062 0.034375 0.034375
0 0.735938 0.389062 0.021875 0.050000
0 0.267969 0.373437 0.048438 0.028125
0 0.961719 0.375781 0.029687 0.045312
0 0.239844 0.342187 0.045312 0.021875
0 0.376563 0.349219 0.025000 0.048438
0 0.039062 0.313281 0.031250 0.023438
0 0.985938 0.291406 0.028125 0.023438
0 0.457813 0.286719 0.043750 0.023438
0 0.917188 0.265625 0.046875 0.028125
0 0.760938 0.261719 0.025000 0.035937
0 0.435937 0.264844 0.043750 0.042188
0 0.984375 0.249219 0.031250 0.020313
0 0.276562 0.217969 0.018750 0.039062
0 0.694531 0.195312 0.045312 0.018750
0 0.580469 0.179688 0.026562 0.043750
0 0.903906 0.152344 0.035937 0.039062
0 0.981250 0.141406 0.037500 0.026562
0 0.967187 0.092188 0.040625 0.031250
0 0.103906 0.089063 0.026562 0.043750
0 0.181250 0.085156 0.037500 0.039062
0 0.789844 0.069531 0.029687 0.029687
0 0.284375 0.049219 0.034375 0.029687
0 0.146875 0.036719 0.031250 0.035937
0 0.591406 0.018750 0.048438 0.021875
0 0.282031 0.018750 0.042188 0.025000
0 0.490625 0.010156 0.037500 0.020313
0 0.241406 0.018750 0.023438 0.037500
0 0.052344 0.010937 0.029687 0.021875
0 0.011719 0.012500 0.020313 0.025000
0 0.274219 0.986719 0.023438 0.023438
0 0.274219 0.967187 0.042188 0.025000
0 0.315625 0.957031 0.046875 0.026562
0 0.356250 0.942969 0.037500 0.026562
0 0.308594 0.939063 0.051562 0.021875
0 0.304688 0.932813 0.031250 0.031250
0 0.264062 0.920312 0.037500 0.028125
0 0.254688 0.888281 0.031250 0.042188
0 0.230469 0.890625 0.039062 0.021875
0 0.250781 0.827344 0.042188 0.023438
0 0.242969 0.803125 0.032813 0.046875
0 0.314063 0.800781 0.050000 0.017188
0 0.388281 0.756250 0.035937 0.025000
0 0.363281 0.773438 0.035937 0.018750
0 0.342187 0.754687 0.037500 0.021875
0 0.331250 0.775781 0.031250 0.017188
0 0.307812 0.777344 0.012500 0.026562
0 0.310156 0.755469 0.042188 0.029687
0 0.289062 0.777344 0.018750 0.026562
0 0.271094 0.754687 0.035937 0.021875
0 0.266406 0.729688 0.039062 0.034375
0 0.248438 0.736719 0.031250 0.026562
0 0.158594 0.726562 0.023438 0.037500
0 0.164844 0.750000 0.048438 0.021875
0 0.077344 0.829688 0.023438 0.046875
0 0.052344 0.814844 0.026562 0.045312
0 0.025000 0.857031 0.021875 0.057813
0 0.007031 0.842187 0.014063 0.053125
0 0.008594 0.978125 0.010937 0.018750
0 0.154688 0.624219 0.037500 0.029687
0 0.170313 0.610156 0.043750 0.042188
0 0.053125 0.649219 0.034375 0.039062
0 0.047656 0.611719 0.020313 0.039062
0 0.027344 0.594531 0.029687 0.039062
0 0.196875 0.452344 0.025000 0.051562
0 0.205469 0.410938 0.017188 0.050000
0 0.198437 0.412500 0.015625 0.043750
0 0.496094 0.393750 0.026562 0.043750
0 0.463281 0.372656 0.048438 0.029687
0 0.421875 0.356250 0.034375 0.050000
0 0.392188 0.257031 0.034375 0.045312
0 0.396094 0.239063 0.023438 0.028125
0 0.428125 0.205469 0.028125 0.042188
0 0.448437 0.186719 0.040625 0.026562
0 0.478906 0.196094 0.026562 0.051562
0 0.382031 0.094531 0.020313 0.045312
0 0.390625 0.057813 0.031250 0.040625
0 0.328906 0.139063 0.023438 0.040625
0 0.316406 0.159375 0.032813 0.031250
0 0.319531 0.186719 0.026562 0.039062
0 0.489063 0.118750 0.046875 0.028125
0 0.482812 0.135937 0.034375 0.034375
0 0.456250 0.094531 0.025000 0.039062
0 0.438281 0.063281 0.045312 0.023438
0 0.440625 0.039844 0.025000 0.035937
0 0.466406 0.037500 0.020313 0.040625
0 0.475781 0.054688 0.026562 0.034375
0 0.495312 0.076563 0.025000 0.037500
0 0.521094 0.075781 0.042188 0.023438
0 0.360156 0.015625 0.039062 0.025000
0 0.322656 0.013281 0.035937 0.017188
0 0.257812 0.098437 0.046875 0.025000
0 0.225781 0.090625 0.026562 0.025000
0 0.092188 0.132031 0.037500 0.023438
0 0.057031 0.147656 0.017188 0.032813
0 0.071094 0.155469 0.023438 0.045312
0 0.014063 0.047656 0.028125 0.020313
0 0.009375 0.074219 0.018750 0.042188
0 0.112500 0.005469 0.015625 0.010937
0 0.217969 0.254688 0.045312 0.025000
0 0.189844 0.283594 0.029687 0.051562
0 0.377344 0.588281 0.051562 0.032813
0 0.371094 0.617188 0.026562 0.043750
0 0.532031 0.645312 0.023438 0.037500
0 0.550000 0.659375 0.021875 0.037500
0 0.572656 0.667188 0.032813 0.050000
0 0.581250 0.537500 0.025000 0.040625
0 0.609375 0.528906 0.043750 0.045312
0 0.677344 0.564844 0.026562 0.051562
0 0.705469 0.563281 0.042188 0.045312
0 0.723437 0.593750 0.031250 0.046875
0 0.781250 0.552344 0.034375 0.029687
0 0.811719 0.549219 0.029687 0.035937
0 0.815625 0.575781 0.043750 0.032813
0 0.961719 0.612500 0.020313 0.050000
0 0.984375 0.569531 0.028125 0.054688
0 0.938281 0.474219 0.020313 0.020313
0 0.947656 0.860156 0.020313 0.048438
0 0.813281 0.879687 0.035937 0.037500
0 0.822656 0.921094 0.032813 0.042188
0 0.849219 0.892969 0.035937 0.035937
0 0.974219 0.865625 0.045312 0.021875
0 0.982031 0.842187 0.032813 0.021875
0 0.678125 0.982812 0.043750 0.028125
0 0.638281 0.981250 0.035937 0.034375
0 0.650781 0.992188 0.017188 0.012500
0 0.475000 0.816406 0.034375 0.023438
0 0.451562 0.824219 0.018750 0.048438
0 0.435937 0.822656 0.018750 0.051562
0 0.705469 0.339844 0.023438 0.042188
0 0.719531 0.325000 0.017188 0.040625
0 0.707031 0.306250 0.023438 0.050000
0 0.729688 0.159375 0.034375 0.034375
0 0.730469 0.128125 0.045312 0.031250
0 0.800000 0.111719 0.034375 0.032813
0 0.837500 0.100000 0.037500 0.031250
0 0.860938 0.073438 0.046875 0.034375
0 0.872656 0.113281 0.048438 0.032813
0 0.923438 0.233594 0.043750 0.026562
0 0.948438 0.242188 0.025000 0.034375
0 0.852344 0.235156 0.026562 0.029687
0 0.835938 0.234375 0.034375 0.018750
0 0.853906 0.214062 0.045312 0.028125
0 0.957812 0.325781 0.034375 0.039062
0 0.915625 0.298438 0.046875 0.031250
0 0.860156 0.301563 0.054688 0.028125
0 0.857031 0.328906 0.035937 0.032813
0 0.899219 0.328125 0.048438 0.021875
0 0.875000 0.349219 0.028125 0.032813
0 0.891406 0.372656 0.023438 0.045312
0 0.904687 0.353125 0.028125 0.037500