0 0.505469 0.797656 0.051562 0.029687
0 0.439063 0.457031 0.034375 0.042188
0 0.764062 0.902344 0.025000 0.035937
0 0.946875 0.714844 0.040625 0.020313
0 0.978125 0.805469 0.034375 0.026562
0 0.679688 0.814844 0.031250 0.042188
0 0.350781 0.776563 0.023438 0.037500
0 0.927344 0.747656 0.048438 0.026562
0 0.793750 0.562500 0.021875 0.040625
0 0.504687 0.881250 0.046875 0.025000
0 0.596094 0.053125 0.045312 0.028125
0 0.710938 0.703906 0.031250 0.045312
0 0.896094 0.239063 0.035937 0.031250
0 0.389844 0.103125 0.048438 0.031250
0 0.783594 0.837500 0.039062 0.025000
0 0.500000 0.033594 0.050000 0.023438
0 0.577344 0.767969 0.048438 0.020313
0 0.958594 0.271094 0.039062 0.026562
0 0.512500 0.834375 0.050000 0.025000
0 0.900000 0.882812 0.040625 0.025000
0 0.865625 0.910937 0.043750 0.021875
0 0.689844 0.201563 0.023438 0.037500
0 0.719531 0.235937 0.042188 0.037500
0 0.686719 0.517188 0.042188 0.025000
0 0.868750 0.342187 0.028125 0.050000
0 0.778906 0.098437 0.023438 0.050000
0 0.274219 0.119531 0.048438 0.023438
0 0.926562 0.778125 0.043750 0.025000
0 0.964844 0.655469 0.032813 0.042188
0 0.657031 0.438281 0.048438 0.020313
0 0.565625 0.140625 0.043750 0.025000
0 0.242188 0.429688 0.025000 0.050000
0 0.975000 0.889844 0.046875 0.023438
0 0.605469 0.300781 0.054688 0.023438
0 0.548438 0.315625 0.021875 0.046875
0 0.660937 0.164844 0.043750 0.020313
0 0.632031 0.592187 0.035937 0.037500
0 0.946875 0.502344 0.053125 0.026562
0 0.392969 0.271094 0.023438 0.042188
0 0.272656 0.905469 0.017188 0.035937
0 0.854688 0.564844 0.046875 0.023438
0 0.499219 0.325000 0.026562 0.053125
0 0.663281 0.471875 0.029687 0.046875
0 0.556250 0.050000 0.031250 0.053125
0 0.599219 0.175000 0.032813 0.040625
0 0.831250 0.698438 0.034375 0.034375
0 0.628125 0.896875 0.046875 0.037500
0 0.320312 0.921875 0.040625 0.018750
0 0.229687 0.843750 0.037500 0.028125
0 0.585156 0.340625 0.039062 0.028125
0 0.571875 0.166406 0.046875 0.032813
0 0.900000 0.672656 0.018750 0.048438
0 0.949219 0.991406 0.035937 0.017188
0 0.617969 0.508594 0.026562 0.051562
0 0.837500 0.314844 0.040625 0.045312
0 0.567187 0.550781 0.034375 0.023438
0 0.743750 0.753125 0.040625 0.021875
0 0.526563 0.616406 0.028125 0.045312
0 0.634375 0.482812 0.025000 0.050000
0 0.260156 0.048438 0.023438 0.043750
0 0.425000 0.223438 0.021875 0.053125
0 0.475781 0.915625 0.048438 0.021875
0 0.785156 0.252344 0.026562 0.048438
0 0.810937 0.714844 0.028125 0.026562
0 0.843750 0.812500 0.025000 0.040625
0 0.850000 0.971094 0.037500 0.032813
0 0.393750 0.013281 0.028125 0.026562
0 0.985938 0.719531 0.025000 0.042188
0 0.236719 0.496875 0.023438 0.046875
0 0.901563 0.585156 0.037500 0.032813
0 0.894531 0.560156 0.029687 0.035937
0 0.450000 0.206250 0.025000 0.037500
0 0.915625 0.992969 0.025000 0.014063
0 0.233594 0.949219 0.045312 0.032813
0 0.875000 0.433594 0.040625 0.032813
0 0.523438 0.367969 0.043750 0.029687
0 0.250000 0.324219 0.021875 0.045312
0 0.218750 0.293750 0.040625 0.031250
0 0.479687 0.205469 0.031250 0.042188
0 0.686719 0.942969 0.042188 0.032813
0 0.992188 0.916406 0.015625 0.032813
0 0.642188 0.346875 0.043750 0.034375
0 0.478906 0.689844 0.023438 0.045312
0 0.357812 0.177344 0.034375 0.045312
0 0.238281 0.037500 0.032813 0.046875
0 0.610156 0.556250 0.042188 0.018750
0 0.659375 0.914844 0.046875 0.023438
0 0.714844 0.737500 0.045312 0.018750
0 0.221094 0.979688 0.020313 0.037500
0 0.591406 0.587500 0.023438 0.043750
0 0.531250 0.487500 0.018750 0.043750
0 0.902344 0.394531 0.026562 0.048438
0 0.215625 0.550781 0.031250 0.045312
0 0.515625 0.491406 0.018750 0.042188
0 0.619531 0.339062 0.023438 0.046875
0 0.800000 0.605469 0.018750 0.029687
0 0.547656 0.389062 0.032813 0.037500
0 0.526563 0.588281 0.043750 0.014063
0 0.453906 0.965625 0.023438 0.050000
0 0.919531 0.598437 0.032813 0.034375
0 0.989844 0.752344 0.020313 0.039062
0 0.957031 0.568750 0.039062 0.034375
0 0.568750 0.402344 0.021875 0.026562
0 0.917188 0.532813 0.021875 0.034375
0 0.348438 0.166406 0.028125 0.032813
0 0.857812 0.769531 0.050000 0.017188
0 0.882031 0.537500 0.023438 0.031250
0 0.577344 0.365625 0.051562 0.028125
0 0.923438 0.410938 0.031250 0.021875
0 0.422656 0.976562 0.032813 0.025000
0 0.428906 0.963281 0.035937 0.023438
0 0.990625 0.272656 0.018750 0.017188
0 0.648438 0.992188 0.043750 0.015625
0 0.871094 0.785156 0.042188 0.020313
0 0.425000 0.306250 0.037500 0.028125
0 0.529687 0.151562 0.040625 0.031250
0 0.993750 0.977344 0.009375 0.026562
0 0.921875 0.807813 0.046875 0.028125
0 0.632031 0.214062 0.039062 0.053125
0 0.939063 0.833594 0.018750 0.010937
0 0.499219 0.150000 0.035937 0.028125
0 0.993750 0.067187 0.012500 0.031250
0 0.601562 0.577344 0.025000 0.032813
0 0.579688 0.385937 0.031250 0.018750