0 0.428125 0.531250 0.037500 0.028125
0 0.136719 0.533594 0.035937 0.039062
0 0.346875 0.908594 0.040625 0.026562
0 0.807813 0.604688 0.040625 0.025000
0 0.250781 0.574219 0.026562 0.039062
0 0.110937 0.923438 0.037500 0.040625
0 0.181250 0.339844 0.043750 0.029687
0 0.312500 0.428125 0.037500 0.031250
0 0.547656 0.196875 0.045312 0.028125
0 0.405469 0.482812 0.020313 0.046875
0 0.378125 0.170313 0.028125 0.046875
0 0.763281 0.272656 0.045312 0.023438
0 0.516406 0.770312 0.039062 0.043750
0 0.269531 0.957812 0.045312 0.037500
0 0.245312 0.665625 0.053125 0.021875
0 0.585156 0.385937 0.051562 0.025000
0 0.155469 0.706250 0.045312 0.034375
0 0.118750 0.728125 0.040625 0.040625
0 0.453125 0.596094 0.028125 0.035937
0 0.546875 0.964063 0.046875 0.028125
0 0.208594 0.587500 0.023438 0.043750
0 0.890625 0.294531 0.018750 0.039062
0 0.702344 0.850000 0.048438 0.025000
0 0.345313 0.392969 0.043750 0.032813
0 0.575000 0.933594 0.043750 0.020313
0 0.348438 0.853125 0.018750 0.043750
0 0.268750 0.617188 0.021875 0.053125
0 0.537500 0.474219 0.031250 0.039062
0 0.490625 0.136719 0.043750 0.020313
0 0.230469 0.372656 0.026562 0.048438
0 0.106250 0.225781 0.046875 0.023438
0 0.405469 0.578906 0.045312 0.035937
0 0.397656 0.334375 0.026562 0.040625
0 0.371094 0.408594 0.029687 0.045312
0 0.682031 0.638281 0.020313 0.051562
0 0.442188 0.130469 0.037500 0.039062
0 0.209375 0.432812 0.021875 0.050000
0 0.878125 0.722656 0.018750 0.042188
0 0.289062 0.696875 0.046875 0.028125
0 0.711719 0.161719 0.039062 0.035937
0 0.602344 0.292187 0.045312 0.018750
0 0.689844 0.689063 0.017188 0.031250
0 0.246094 0.811719 0.045312 0.023438
0 0.836719 0.504687 0.020313 0.046875
0 0.329688 0.684375 0.031250 0.046875
0 0.890625 0.454688 0.021875 0.040625
0 0.081250 0.186719 0.031250 0.042188
0 0.103906 0.556250 0.048438 0.031250
0 0.077344 0.247656 0.051562 0.023438
0 0.343750 0.953906 0.037500 0.045312
0 0.914844 0.343750 0.042188 0.018750
0 0.106250 0.965625 0.021875 0.050000
0 0.793750 0.760938 0.028125 0.046875
0 0.460938 0.824219 0.043750 0.029687
0 0.242969 0.871875 0.026562 0.046875
0 0.017188 0.907813 0.034375 0.034375
0 0.819531 0.752344 0.035937 0.026562
0 0.253906 0.508594 0.020313 0.045312
0 0.504687 0.836719 0.025000 0.032813
0 0.034375 0.600000 0.021875 0.034375
0 0.610938 0.116406 0.046875 0.020313
0 0.660156 0.299219 0.026562 0.042188
0 0.696094 0.120313 0.020313 0.034375
0 0.835156 0.947656 0.032813 0.039062
0 0.665625 0.141406 0.046875 0.029687
0 0.425781 0.607031 0.039062 0.035937
0 0.792188 0.093750 0.037500 0.031250
0 0.680469 0.258594 0.026562 0.042188
0 0.724219 0.067187 0.035937 0.031250
0 0.659375 0.878906 0.025000 0.042188
0 0.426563 0.659375 0.040625 0.028125
0 0.052344 0.225000 0.045312 0.028125
0 0.883594 0.815625 0.035937 0.031250
0 0.839063 0.447656 0.040625 0.029687
0 0.746094 0.745313 0.032813 0.034375
0 0.923438 0.271875 0.034375 0.031250
0 0.339062 0.117188 0.028125 0.056250
0 0.492969 0.862500 0.039062 0.028125
0 0.524219 0.102344 0.045312 0.023438
0 0.532813 0.868750 0.043750 0.025000
0 0.437500 0.685156 0.046875 0.020313
0 0.878906 0.542969 0.023438 0.048438
0 0.247656 0.348438 0.020313 0.037500
0 0.191406 0.911719 0.035937 0.045312
0 0.621875 0.902344 0.040625 0.023438
0 0.071094 0.552344 0.020313 0.048438
0 0.393750 0.106250 0.018750 0.050000
0 0.537500 0.521875 0.018750 0.046875
0 0.797656 0.976562 0.051562 0.025000
0 0.237500 0.905469 0.031250 0.045312
0 0.410156 0.839063 0.029687 0.059375
0 0.354687 0.080469 0.040625 0.029687
0 0.169531 0.407031 0.048438 0.026562
0 0.760156 0.774219 0.029687 0.039062
0 0.075000 0.269531 0.046875 0.023438
0 0.628125 0.869531 0.040625 0.039062
0 0.677344 0.921875 0.042188 0.034375
0 0.220312 0.139063 0.031250 0.050000
0 0.292969 0.900781 0.048438 0.020313
0 0.490625 0.464844 0.025000 0.054688
0 0.278906 0.473438 0.020313 0.053125
0 0.811719 0.063281 0.048438 0.026562
0 0.729688 0.784375 0.034375 0.028125
0 0.796094 0.814844 0.023438 0.042188
0 0.297656 0.869531 0.026562 0.045312
0 0.755469 0.100000 0.026562 0.037500
0 0.215625 0.927344 0.018750 0.045312
0 0.912500 0.063281 0.021875 0.039062
0 0.538281 0.990625 0.042188 0.018750
0 0.675781 0.951562 0.048438 0.021875
0 0.035937 0.251563 0.021875 0.028125
0 0.821875 0.096875 0.018750 0.037500
0 0.832812 0.335156 0.018750 0.042188
0 0.727344 0.116406 0.026562 0.032813
0 0.642188 0.935156 0.028125 0.045312
0 0.807031 0.435937 0.032813 0.028125
0 0.269531 0.846094 0.035937 0.035937
0 0.489844 0.803906 0.035937 0.017188
0 0.285156 0.836719 0.032813 0.020313
0 0.732812 0.089063 0.037500 0.015625
0 0.315625 0.607812 0.028125 0.025000
0 0.770312 0.121875 0.028125 0.021875
0 0.860156 0.051562 0.035937 0.018750
0 0.660937 0.096875 0.043750 0.021875
0 0.311719 0.368750 0.039062 0.050000
0 0.275000 0.309375 0.025000 0.028125
0 0.282031 0.365625 0.020313 0.025000
0 0.315625 0.644531 0.025000 0.042188
0 0.935937 0.246094 0.028125 0.039062
0 0.409375 0.086719 0.018750 0.045312
0 0.842969 0.070312 0.020313 0.040625
0 0.690625 0.073438 0.031250 0.040625
0 0.927344 0.229687 0.026562 0.043750
0 0.408594 0.642188 0.042188 0.040625
0 0.677344 0.895312 0.017188 0.021875
0 0.297656 0.341406 0.017188 0.039062
0 0.665625 0.116406 0.037500 0.020313
0 0.878906 0.988281 0.039062 0.023438
0 0.816406 0.046094 0.032813 0.017188
0 0.181250 0.386719 0.021875 0.029687
0 0.792188 0.993750 0.028125 0.009375