0 0.775000 0.992969 0.018750 0.014063
0 0.725000 0.982812 0.056250 0.021875
0 0.463281 0.975781 0.045312 0.032813
0 0.537500 0.946094 0.018750 0.029687
0 0.091406 0.935937 0.042188 0.021875
0 0.426563 0.944531 0.025000 0.042188
0 0.765625 0.923438 0.043750 0.018750
0 0.481250 0.928125 0.037500 0.031250
0 0.845313 0.923438 0.028125 0.031250
0 0.533594 0.916406 0.048438 0.026562
0 0.323437 0.906250 0.050000 0.028125
0 0.673438 0.865625 0.028125 0.037500
0 0.725781 0.853125 0.029687 0.046875
0 0.985156 0.841406 0.029687 0.039062
0 0.919531 0.839844 0.020313 0.042188
0 0.360156 0.827344 0.032813 0.035937
0 0.145313 0.796875 0.046875 0.018750
0 0.328906 0.799219 0.045312 0.026562
0 0.031250 0.800000 0.025000 0.037500
0 0.988281 0.802344 0.023438 0.048438
0 0.553125 0.792969 0.040625 0.029687
0 0.295312 0.801562 0.025000 0.046875
0 0.239844 0.785156 0.039062 0.039062
0 0.627344 0.757812 0.051562 0.025000
0 0.110937 0.755469 0.037500 0.020313
0 0.299219 0.752344 0.045312 0.026562
0 0.444531 0.726562 0.042188 0.025000
0 0.935937 0.729688 0.021875 0.046875
0 0.913281 0.706250 0.023438 0.037500
0 0.885156 0.671875 0.029687 0.037500
0 0.927344 0.669531 0.023438 0.042188
0 0.416406 0.635938 0.039062 0.018750
0 0.910156 0.640625 0.048438 0.037500
0 0.359375 0.620313 0.043750 0.021875
0 0.050781 0.607812 0.042188 0.025000
0 0.675000 0.589844 0.031250 0.039062
0 0.961719 0.587500 0.029687 0.037500
0 0.989062 0.576562 0.018750 0.043750
0 0.150000 0.571875 0.025000 0.043750
0 0.035156 0.551562 0.029687 0.050000
0 0.819531 0.534375 0.045312 0.025000
0 0.634375 0.537500 0.031250 0.040625
0 0.900781 0.506250 0.042188 0.028125
0 0.196875 0.499219 0.028125 0.048438
0 0.471875 0.485938 0.018750 0.034375
0 0.239063 0.464844 0.040625 0.017188
0 0.167969 0.450781 0.048438 0.026562
0 0.869531 0.436719 0.026562 0.039062
0 0.476562 0.414062 0.040625 0.021875
0 0.794531 0.402344 0.023438 0.039062
0 0.891406 0.396094 0.026562 0.048438
0 0.335938 0.373437 0.031250 0.043750
0 0.738281 0.366406 0.039062 0.035937
0 0.800781 0.356250 0.020313 0.040625
0 0.302344 0.354687 0.032813 0.043750
0 0.688281 0.342969 0.045312 0.032813
0 0.762500 0.328125 0.028125 0.034375
0 0.860938 0.320312 0.028125 0.040625
0 0.210156 0.316406 0.042188 0.032813
0 0.385937 0.303906 0.046875 0.023438
0 0.919531 0.273438 0.026562 0.043750
0 0.832031 0.268750 0.035937 0.037500
0 0.584375 0.243750 0.050000 0.018750
0 0.695312 0.202344 0.018750 0.045312
0 0.789844 0.187500 0.042188 0.018750
0 0.342969 0.190625 0.029687 0.053125
0 0.657031 0.159375 0.045312 0.040625
0 0.740625 0.153125 0.025000 0.046875
0 0.054688 0.142187 0.040625 0.028125
0 0.563281 0.126562 0.039062 0.021875
0 0.385937 0.131250 0.034375 0.043750
0 0.360156 0.085156 0.026562 0.035937
0 0.823438 0.070312 0.028125 0.037500
0 0.460156 0.054688 0.035937 0.034375
0 0.432031 0.063281 0.020313 0.051562
0 0.810937 0.032031 0.040625 0.020313
0 0.842969 0.010937 0.023438 0.021875
0 0.775000 0.019531 0.018750 0.039062
0 0.231250 0.439844 0.034375 0.020313
0 0.252344 0.432812 0.045312 0.025000
0 0.331250 0.428125 0.031250 0.043750
0 0.291406 0.409375 0.023438 0.043750
0 0.285156 0.379688 0.029687 0.037500
0 0.250781 0.407031 0.054688 0.023438
0 0.250781 0.374219 0.032813 0.042188
0 0.254688 0.341406 0.046875 0.023438
0 0.242188 0.283594 0.028125 0.042188
0 0.289844 0.225781 0.035937 0.039062
0 0.259375 0.225781 0.037500 0.035937
0 0.228906 0.219531 0.029687 0.039062
0 0.197656 0.260156 0.048438 0.029687
0 0.272656 0.266406 0.020313 0.042188
0 0.295312 0.101562 0.037500 0.050000
0 0.317969 0.078125 0.032813 0.056250
0 0.274219 0.046875 0.029687 0.040625
0 0.254688 0.071875 0.046875 0.021875
0 0.242188 0.046875 0.050000 0.037500
0 0.239844 0.022656 0.042188 0.032813
0 0.199219 0.033594 0.039062 0.045312
0 0.146875 0.088281 0.037500 0.045312
0 0.117969 0.088281 0.023438 0.051562
0 0.115625 0.042969 0.031250 0.054688
0 0.078125 0.083594 0.056250 0.026562
0 0.030469 0.057031 0.029687 0.051562
0 0.024219 0.042188 0.023438 0.037500
0 0.032813 0.015625 0.056250 0.028125
0 0.091406 0.185156 0.051562 0.029687
0 0.079687 0.200000 0.059375 0.028125
0 0.006250 0.801562 0.012500 0.021875
0 0.128906 0.885156 0.035937 0.045312
0 0.094531 0.910156 0.035937 0.026562
0 0.062500 0.892969 0.040625 0.026562
0 0.090625 0.885938 0.043750 0.018750
0 0.099219 0.856250 0.039062 0.046875
0 0.106250 0.845313 0.034375 0.028125
0 0.268750 0.909375 0.040625 0.025000
0 0.278906 0.886719 0.042188 0.020313
0 0.386719 0.876563 0.039062 0.043750
0 0.537500 0.868750 0.028125 0.025000
0 0.516406 0.852344 0.035937 0.042188
0 0.261719 0.593750 0.045312 0.021875
0 0.290625 0.574219 0.034375 0.039062
0 0.476562 0.600781 0.037500 0.035937
0 0.520312 0.624219 0.031250 0.045312
0 0.496094 0.617188 0.039062 0.028125
0 0.483594 0.639844 0.045312 0.029687
0 0.537500 0.665625 0.050000 0.028125
0 0.525781 0.697656 0.026562 0.042188
0 0.559375 0.738281 0.046875 0.032813
0 0.565625 0.762500 0.043750 0.028125
0 0.581250 0.885156 0.040625 0.039062
0 0.616406 0.880469 0.045312 0.035937
0 0.626563 0.903906 0.028125 0.039062
0 0.698438 0.842187 0.021875 0.040625
0 0.684375 0.835938 0.018750 0.043750
0 0.700000 0.800781 0.021875 0.045312
0 0.746875 0.726562 0.031250 0.046875
0 0.779687 0.719531 0.025000 0.039062
0 0.771875 0.744531 0.028125 0.032813
0 0.801562 0.756250 0.031250 0.053125
0 0.806250 0.703125 0.021875 0.050000
0 0.825781 0.692969 0.026562 0.051562
0 0.875781 0.800781 0.029687 0.045312
0 0.896094 0.821094 0.023438 0.054688
0 0.992969 0.681250 0.010937 0.040625
0 0.983594 0.650781 0.029687 0.042188
0 0.928125 0.572656 0.031250 0.054688
0 0.931250 0.524219 0.037500 0.051562
0 0.603125 0.713281 0.018750 0.054688
0 0.642969 0.689844 0.029687 0.035937
0 0.682031 0.680469 0.045312 0.029687
0 0.642188 0.662500 0.043750 0.021875
0 0.610938 0.678906 0.040625 0.020313
0 0.570312 0.688281 0.046875 0.029687
0 0.652344 0.634375 0.039062 0.034375
0 0.692187 0.651563 0.040625 0.025000
0 0.725000 0.636719 0.037500 0.039062
0 0.718750 0.570312 0.046875 0.031250
0 0.746875 0.543750 0.021875 0.046875
0 0.766406 0.533594 0.032813 0.020313
0 0.777344 0.550000 0.048438 0.021875
0 0.781250 0.578125 0.021875 0.040625
0 0.789844 0.618750 0.020313 0.053125
0 0.812500 0.615625 0.034375 0.028125
0 0.768750 0.628906 0.025000 0.042188
0 0.764844 0.593750 0.017188 0.043750
0 0.750000 0.623437 0.018750 0.050000
0 0.585938 0.485156 0.034375 0.032813
0 0.605469 0.455469 0.023438 0.035937
0 0.567187 0.467187 0.040625 0.028125
0 0.523438 0.445312 0.034375 0.040625
0 0.543750 0.405469 0.034375 0.032813
0 0.558594 0.448437 0.048438 0.018750
0 0.553125 0.428125 0.034375 0.028125
0 0.581250 0.415625 0.031250 0.028125
0 0.545312 0.317188 0.043750 0.034375
0 0.570312 0.278125 0.031250 0.046875
0 0.592187 0.289062 0.050000 0.028125
0 0.725781 0.256250 0.045312 0.031250
0 0.768750 0.242188 0.053125 0.028125
0 0.853906 0.157031 0.029687 0.051562
0 0.846094 0.117188 0.048438 0.028125
0 0.799219 0.116406 0.042188 0.035937
0 0.793750 0.144531 0.062500 0.029687
0 0.452344 0.139063 0.039062 0.040625
0 0.460938 0.088281 0.034375 0.051562
0 0.904687 0.363281 0.037500 0.051562
0 0.935937 0.352344 0.021875 0.048438
0 0.950000 0.333594 0.034375 0.032813
0 0.967969 0.323437 0.039062 0.037500
0 0.977344 0.297656 0.020313 0.045312
0 0.991406 0.282031 0.014063 0.048438
0 0.975000 0.226562 0.046875 0.031250
0 0.954688 0.251563 0.034375 0.037500
0 0.934375 0.230469 0.025000 0.048438
0 0.953906 0.289844 0.026562 0.042188
0 0.954688 0.383594 0.028125 0.039062
0 0.963281 0.353906 0.017188 0.042188
0 0.974219 0.394531 0.020313 0.039062
0 0.990625 0.403906 0.015625 0.042188
0 0.884375 0.327344 0.028125 0.051562
0 0.750000 0.582031 0.021875 0.035937