0 0.049219 0.714844 0.035937 0.026562
0 0.430469 0.112500 0.045312 0.040625
0 0.331250 0.931250 0.040625 0.028125
0 0.128906 0.357812 0.023438 0.043750
0 0.510938 0.591406 0.040625 0.023438
0 0.048438 0.821094 0.040625 0.032813
0 0.928125 0.889062 0.025000 0.031250
0 0.803125 0.257812 0.040625 0.034375
0 0.174219 0.142969 0.048438 0.023438
0 0.687500 0.496875 0.034375 0.031250
0 0.392188 0.346875 0.025000 0.046875
0 0.864062 0.184375 0.043750 0.025000
0 0.391406 0.685937 0.045312 0.028125
0 0.203125 0.799219 0.040625 0.020313
0 0.339844 0.386719 0.035937 0.026562
0 0.217188 0.954688 0.050000 0.025000
0 0.140625 0.531250 0.040625 0.021875
0 0.084375 0.515625 0.053125 0.021875
0 0.851562 0.272656 0.043750 0.032813
0 0.167969 0.308594 0.042188 0.032813
0 0.374219 0.796094 0.045312 0.023438
0 0.831250 0.463281 0.040625 0.026562
0 0.846094 0.704688 0.039062 0.025000
0 0.964063 0.275781 0.028125 0.039062
0 0.196875 0.222656 0.031250 0.045312
0 0.044531 0.245312 0.020313 0.046875
0 0.477344 0.695312 0.035937 0.043750
0 0.530469 0.897656 0.026562 0.042188
0 0.282031 0.616406 0.042188 0.020313
0 0.033594 0.310937 0.017188 0.043750
0 0.233594 0.417187 0.039062 0.018750
0 0.392188 0.253906 0.050000 0.026562
0 0.713281 0.837500 0.039062 0.034375
0 0.835156 0.226562 0.026562 0.040625
0 0.257031 0.047656 0.026562 0.045312
0 0.749219 0.146875 0.032813 0.050000
0 0.439063 0.376563 0.043750 0.018750
0 0.410938 0.635938 0.025000 0.050000
0 0.560156 0.337500 0.029687 0.040625
0 0.610156 0.903906 0.045312 0.032813
0 0.930469 0.589844 0.029687 0.035937
0 0.475000 0.064844 0.050000 0.023438
0 0.156250 0.834375 0.034375 0.031250
0 0.631250 0.804688 0.034375 0.031250
0 0.296875 0.494531 0.025000 0.048438
0 0.675000 0.717969 0.040625 0.026562
0 0.315625 0.137500 0.046875 0.021875
0 0.553125 0.189844 0.018750 0.048438
0 0.665625 0.831250 0.046875 0.021875
0 0.561719 0.085156 0.029687 0.042188
0 0.586719 0.549219 0.045312 0.023438
0 0.096875 0.755469 0.040625 0.020313
0 0.562500 0.958594 0.040625 0.026562
0 0.491406 0.916406 0.042188 0.029687
0 0.386719 0.745313 0.045312 0.025000
0 0.246875 0.175781 0.037500 0.051562
0 0.074219 0.886719 0.045312 0.023438
0 0.597656 0.496094 0.020313 0.042188
0 0.011719 0.329688 0.023438 0.043750
0 0.931250 0.642969 0.018750 0.048438
0 0.764844 0.970313 0.039062 0.018750
0 0.782813 0.329688 0.025000 0.050000
0 0.634375 0.488281 0.040625 0.029687
0 0.823438 0.631250 0.037500 0.040625
0 0.550000 0.710938 0.046875 0.021875
0 0.828906 0.589063 0.032813 0.040625
0 0.548438 0.682031 0.028125 0.035937
0 0.650781 0.208594 0.039062 0.045312
0 0.648438 0.267188 0.043750 0.031250
0 0.110937 0.707031 0.018750 0.051562
0 0.339844 0.008594 0.035937 0.017188
0 0.778125 0.542188 0.034375 0.037500
0 0.701562 0.875000 0.046875 0.025000
0 0.690625 0.310937 0.031250 0.043750
0 0.007031 0.384375 0.014063 0.050000
0 0.692969 0.969531 0.042188 0.035937
0 0.390625 0.172656 0.031250 0.042188
0 0.351562 0.030469 0.034375 0.035937
0 0.503906 0.757031 0.020313 0.042188
0 0.730469 0.115625 0.035937 0.034375
0 0.462500 0.029687 0.021875 0.040625
0 0.271094 0.811719 0.023438 0.039062
0 0.276562 0.144531 0.021875 0.051562
0 0.620313 0.633594 0.040625 0.026562
0 0.807813 0.985938 0.043750 0.018750
0 0.978906 0.314063 0.039062 0.028125
0 0.252344 0.524219 0.026562 0.045312
0 0.250000 0.801562 0.043750 0.018750
0 0.297656 0.445312 0.035937 0.053125
0 0.359375 0.168750 0.040625 0.025000
0 0.631250 0.737500 0.025000 0.050000
0 0.546094 0.266406 0.029687 0.048438
0 0.666406 0.747656 0.045312 0.020313
0 0.906250 0.553906 0.021875 0.045312
0 0.206250 0.866406 0.037500 0.032813
0 0.880469 0.668750 0.026562 0.046875
0 0.934375 0.214062 0.031250 0.043750
0 0.916406 0.992188 0.045312 0.015625
0 0.392188 0.212500 0.037500 0.050000
0 0.053906 0.908594 0.032813 0.020313
0 0.856250 0.635938 0.037500 0.021875
0 0.765625 0.626563 0.040625 0.031250
0 0.675000 0.940625 0.034375 0.037500
0 0.539844 0.737500 0.020313 0.034375
0 0.921094 0.346094 0.023438 0.042188
0 0.009375 0.025000 0.018750 0.050000
0 0.767188 0.803906 0.025000 0.039062
0 0.789844 0.789062 0.023438 0.050000
0 0.938281 0.263281 0.020313 0.054688
0 0.677344 0.229687 0.026562 0.046875
0 0.200000 0.830469 0.037500 0.026562
0 0.709375 0.666406 0.043750 0.023438
0 0.647656 0.387500 0.048438 0.021875
0 0.010937 0.778125 0.021875 0.043750
0 0.727344 0.399219 0.023438 0.054688
0 0.264062 0.204687 0.031250 0.037500
0 0.768750 0.583594 0.025000 0.048438
0 0.935937 0.325781 0.037500 0.035937
0 0.025781 0.464844 0.020313 0.057813
0 0.005469 0.103906 0.010937 0.039062
0 0.655469 0.425000 0.020313 0.050000
0 0.563281 0.436719 0.023438 0.042188
0 0.904687 0.653125 0.015625 0.034375
0 0.632031 0.671875 0.039062 0.043750
0 0.736719 0.590625 0.042188 0.034375
0 0.890625 0.521875 0.015625 0.043750
0 0.901563 0.343750 0.015625 0.040625
0 0.953125 0.311719 0.028125 0.035937
0 0.860156 0.500781 0.042188 0.017188
0 0.836719 0.531250 0.032813 0.040625
0 0.226562 0.764062 0.040625 0.025000
0 0.803906 0.297656 0.023438 0.029687
0 0.342187 0.188281 0.043750 0.026562
0 0.903125 0.305469 0.021875 0.039062
0 0.661719 0.661719 0.048438 0.020313
0 0.646094 0.620313 0.048438 0.021875
0 0.286719 0.192969 0.020313 0.051562
0 0.721875 0.628125 0.021875 0.040625
0 0.370312 0.007031 0.028125 0.014063
0 0.724219 0.570312 0.039062 0.021875
0 0.342969 0.222656 0.039062 0.029687
0 0.866406 0.482031 0.032813 0.020313
0 0.665625 0.365625 0.025000 0.018750
0 0.696094 0.632031 0.039062 0.023438
0 0.992188 0.277344 0.015625 0.035937
0 0.328906 0.211719 0.029687 0.026562
0 0.250000 0.747656 0.046875 0.023438
0 0.702344 0.350000 0.023438 0.043750
0 0.817969 0.315625 0.023438 0.028125
0 0.680469 0.419531 0.026562 0.035937
0 0.134375 0.010156 0.037500 0.020313
0 0.706250 0.411719 0.018750 0.035937
0 0.919531 0.031250 0.029687 0.018750
0 0.689063 0.436719 0.025000 0.026562
0 0.683594 0.344531 0.017188 0.023438
0 0.183594 0.847656 0.020313 0.042188
0 0.881250 0.577344 0.021875 0.035937
0 0.129688 0.025781 0.031250 0.026562
0 0.815625 0.344531 0.028125 0.039062
0 0.692969 0.646875 0.020313 0.025000
0 0.006250 0.753906 0.012500 0.029687
0 0.880469 0.619531 0.039062 0.054688
0 0.872656 0.564844 0.029687 0.048438
0 0.858594 0.538281 0.023438 0.035937
0 0.687500 0.380469 0.018750 0.032813
0 0.896094 0.388281 0.026562 0.026562
0 0.895312 0.014063 0.031250 0.028125
0 0.421875 0.031250 0.028125 0.037500
0 0.399219 0.060156 0.035937 0.039062
0 0.497656 0.840625 0.032813 0.021875
0 0.476562 0.818750 0.028125 0.021875
0 0.578906 0.820312 0.023438 0.025000
0 0.628906 0.694531 0.017188 0.039062
0 0.749219 0.635156 0.026562 0.023438