0 0.831250 0.232031 0.040625 0.042188
0 0.882812 0.179688 0.034375 0.040625
0 0.720313 0.143750 0.046875 0.028125
0 0.776563 0.157031 0.034375 0.032813
0 0.820312 0.650781 0.021875 0.039062
0 0.929688 0.287500 0.046875 0.028125
0 0.578906 0.082031 0.035937 0.032813
0 0.105469 0.773438 0.039062 0.040625
0 0.909375 0.429688 0.028125 0.046875
0 0.166406 0.903125 0.029687 0.046875
0 0.043750 0.033594 0.043750 0.023438
0 0.188281 0.280469 0.032813 0.042188
0 0.115625 0.438281 0.025000 0.032813
0 0.894531 0.729688 0.045312 0.025000
0 0.752344 0.109375 0.035937 0.040625
0 0.637500 0.236719 0.018750 0.042188
0 0.052344 0.257812 0.051562 0.021875
0 0.592969 0.115625 0.045312 0.021875
0 0.052344 0.596094 0.045312 0.029687
0 0.200000 0.846875 0.034375 0.040625
0 0.047656 0.478125 0.039062 0.037500
0 0.750781 0.430469 0.029687 0.042188
0 0.937500 0.435937 0.028125 0.040625
0 0.104688 0.603906 0.043750 0.020313
0 0.846875 0.564844 0.037500 0.039062
0 0.893750 0.928906 0.031250 0.026562
0 0.822656 0.533594 0.017188 0.042188
0 0.650781 0.694531 0.039062 0.020313
0 0.850000 0.730469 0.031250 0.035937
0 0.820312 0.710938 0.050000 0.028125
0 0.103125 0.670312 0.021875 0.037500
0 0.581250 0.796875 0.031250 0.046875
0 0.043750 0.103906 0.040625 0.026562
0 0.985156 0.104688 0.026562 0.021875
0 0.675781 0.657031 0.023438 0.051562
0 0.539062 0.085938 0.040625 0.043750
0 0.690625 0.976562 0.021875 0.037500
0 0.560156 0.729688 0.035937 0.037500
0 0.557813 0.584375 0.040625 0.031250
0 0.779687 0.468750 0.025000 0.043750
0 0.917969 0.073438 0.039062 0.031250
0 0.623437 0.776563 0.021875 0.050000
0 0.915625 0.594531 0.053125 0.035937
0 0.955469 0.074219 0.042188 0.032813
0 0.951562 0.157812 0.037500 0.043750
0 0.973437 0.247656 0.037500 0.029687
0 0.127344 0.264844 0.023438 0.045312
0 0.162500 0.094531 0.028125 0.042188
0 0.648438 0.363281 0.028125 0.042188
0 0.050781 0.553125 0.045312 0.021875
0 0.546094 0.552344 0.042188 0.029687
0 0.121094 0.503125 0.032813 0.043750
0 0.014063 0.060156 0.028125 0.023438
0 0.246875 0.851562 0.028125 0.040625
0 0.539844 0.639062 0.035937 0.040625
0 0.939844 0.824219 0.017188 0.045312
0 0.828125 0.881250 0.031250 0.046875
0 0.598437 0.620313 0.040625 0.028125
0 0.890625 0.964844 0.043750 0.020313
0 0.077344 0.064844 0.035937 0.032813
0 0.750000 0.587500 0.040625 0.031250
0 0.778125 0.945312 0.034375 0.037500
0 0.539844 0.911719 0.035937 0.026562
0 0.988281 0.557031 0.023438 0.032813
0 0.089063 0.146094 0.053125 0.029687
0 0.560156 0.328906 0.039062 0.035937
0 0.732031 0.628125 0.045312 0.021875
0 0.235937 0.478906 0.021875 0.045312
0 0.990625 0.882812 0.018750 0.031250
0 0.564063 0.170313 0.046875 0.018750
0 0.715625 0.745313 0.046875 0.037500
0 0.740625 0.945312 0.034375 0.037500
0 0.117969 0.533594 0.048438 0.026562
0 0.242969 0.782031 0.023438 0.048438
0 0.621094 0.925000 0.029687 0.046875
0 0.864844 0.335156 0.045312 0.026562
0 0.975781 0.769531 0.023438 0.051562
0 0.593750 0.012500 0.034375 0.025000
0 0.550000 0.772656 0.031250 0.042188
0 0.910156 0.475781 0.026562 0.035937
0 0.528125 0.603125 0.018750 0.043750
0 0.882031 0.367188 0.020313 0.046875
0 0.180469 0.739062 0.042188 0.034375
0 0.596875 0.596094 0.031250 0.035937
0 0.800000 0.746875 0.040625 0.037500
0 0.253125 0.260937 0.037500 0.021875
0 0.513281 0.988281 0.026562 0.023438
0 0.767969 0.990625 0.035937 0.018750
0 0.153906 0.549219 0.020313 0.045312
0 0.231250 0.073438 0.043750 0.037500
0 0.519531 0.676562 0.045312 0.031250
0 0.909375 0.546094 0.037500 0.035937
0 0.070312 0.827344 0.046875 0.023438
0 0.575000 0.195312 0.034375 0.031250
0 0.721875 0.564844 0.021875 0.045312
0 0.789062 0.900781 0.028125 0.042188
0 0.857031 0.371875 0.035937 0.043750
0 0.875000 0.592187 0.046875 0.028125
0 0.235156 0.295312 0.026562 0.050000
0 0.726562 0.972656 0.046875 0.020313
0 0.125000 0.175000 0.043750 0.025000
0 0.880469 0.799219 0.029687 0.020313
0 0.853906 0.901563 0.023438 0.031250
0 0.520312 0.901563 0.034375 0.028125
0 0.151562 0.753125 0.021875 0.053125
0 0.906250 0.512500 0.040625 0.031250
0 0.200000 0.135937 0.040625 0.025000
0 0.933594 0.524219 0.029687 0.035937
0 0.464062 0.915625 0.018750 0.050000
0 0.562500 0.215625 0.046875 0.021875
0 0.870313 0.884375 0.018750 0.046875
0 0.179688 0.774219 0.018750 0.039062
0 0.245312 0.676562 0.018750 0.050000
0 0.177344 0.106250 0.017188 0.040625
0 0.221094 0.115625 0.032813 0.018750
0 0.766406 0.910156 0.020313 0.042188
0 0.749219 0.985156 0.032813 0.026562
0 0.098437 0.107813 0.018750 0.046875
0 0.886719 0.568750 0.045312 0.028125
0 0.508594 0.889062 0.042188 0.021875
0 0.535156 0.313281 0.020313 0.048438
0 0.257031 0.958594 0.029687 0.029687
0 0.528906 0.214844 0.026562 0.051562
0 0.640625 0.901563 0.028125 0.043750
0 0.771094 0.859375 0.039062 0.018750
0 0.201563 0.721094 0.034375 0.035937
0 0.241406 0.606250 0.020313 0.037500
0 0.892188 0.898438 0.031250 0.018750
0 0.244531 0.107031 0.017188 0.039062
0 0.525781 0.707812 0.035937 0.034375
0 0.874219 0.258594 0.020313 0.026562
0 0.993750 0.763281 0.012500 0.045312
0 0.229687 0.632031 0.028125 0.020313
0 0.567969 0.356250 0.039062 0.021875
0 0.128125 0.212500 0.034375 0.040625
0 0.127344 0.124219 0.042188 0.045312
0 0.084375 0.546094 0.018750 0.042188
0 0.260937 0.121875 0.018750 0.043750
0 0.074219 0.088281 0.020313 0.029687
0 0.941406 0.490625 0.023438 0.021875
0 0.743750 0.603906 0.025000 0.026562
0 0.226562 0.655469 0.021875 0.039062
0 0.212500 0.096094 0.034375 0.017188
0 0.260156 0.941406 0.023438 0.035937
0 0.188281 0.176563 0.032813 0.046875
0 0.035937 0.825781 0.025000 0.023438
0 0.213281 0.689063 0.045312 0.018750
0 0.541406 0.357812 0.026562 0.018750
0 0.772656 0.724219 0.039062 0.026562
0 0.741406 0.849219 0.023438 0.023438
0 0.038281 0.408594 0.029687 0.029687
0 0.070312 0.993750 0.037500 0.012500
0 0.992188 0.221094 0.015625 0.017188
0 0.036719 0.852344 0.045312 0.020313
0 0.210156 0.707812 0.042188 0.018750
0 0.792969 0.988281 0.023438 0.020313
0 0.499219 0.923438 0.017188 0.015625
0 0.276562 0.982812 0.012500 0.031250
0 0.844531 0.923438 0.048438 0.028125
0 0.842187 0.934375 0.034375 0.021875