0 0.116406 0.387500 0.023438 0.043750
0 0.089063 0.255469 0.037500 0.039062
0 0.902344 0.457031 0.032813 0.032813
0 0.912500 0.405469 0.040625 0.026562
0 0.866406 0.708594 0.023438 0.042188
0 0.784375 0.239063 0.046875 0.021875
0 0.689844 0.933594 0.039062 0.042188
0 0.332813 0.245312 0.037500 0.040625
0 0.934375 0.067969 0.034375 0.032813
0 0.816406 0.253125 0.035937 0.028125
0 0.728125 0.556250 0.037500 0.040625
0 0.024219 0.742188 0.039062 0.028125
0 0.166406 0.617969 0.035937 0.039062
0 0.817187 0.543750 0.046875 0.025000
0 0.281250 0.272656 0.031250 0.045312
0 0.278125 0.214844 0.037500 0.035937
0 0.913281 0.242188 0.051562 0.034375
0 0.725000 0.650781 0.040625 0.029687
0 0.021875 0.029687 0.043750 0.021875
0 0.794531 0.689844 0.042188 0.020313
0 0.060937 0.946094 0.037500 0.035937
0 0.089844 0.975781 0.039062 0.020313
0 0.164844 0.857812 0.026562 0.037500
0 0.079687 0.741406 0.043750 0.029687
0 0.847656 0.887500 0.023438 0.037500
0 0.741406 0.453906 0.042188 0.020313
0 0.132812 0.696875 0.018750 0.043750
0 0.036719 0.267188 0.035937 0.043750
0 0.236719 0.139063 0.048438 0.021875
0 0.050781 0.684375 0.029687 0.050000
0 0.020313 0.240625 0.040625 0.021875
0 0.016406 0.980469 0.032813 0.035937
0 0.825000 0.276562 0.040625 0.031250
0 0.346875 0.136719 0.031250 0.045312
0 0.185938 0.100781 0.018750 0.051562
0 0.703125 0.615625 0.050000 0.021875
0 0.405469 0.764844 0.048438 0.032813
0 0.067187 0.848437 0.040625 0.031250
0 0.325000 0.346094 0.025000 0.051562
0 0.960156 0.797656 0.039062 0.035937
0 0.198437 0.726562 0.040625 0.025000
0 0.764844 0.981250 0.026562 0.034375
0 0.054688 0.300000 0.043750 0.031250
0 0.289844 0.609375 0.020313 0.053125
0 0.978125 0.738281 0.018750 0.042188
0 0.130469 0.894531 0.045312 0.020313
0 0.990625 0.539062 0.018750 0.040625
0 0.349219 0.085156 0.035937 0.032813
0 0.925781 0.823438 0.023438 0.043750
0 0.390625 0.577344 0.034375 0.035937
0 0.328125 0.989062 0.037500 0.021875
0 0.841406 0.487500 0.023438 0.050000
0 0.317188 0.178906 0.021875 0.039062
0 0.906250 0.632031 0.046875 0.020313
0 0.325781 0.627344 0.032813 0.042188
0 0.982031 0.689844 0.035937 0.029687
0 0.653906 0.872656 0.045312 0.020313
0 0.661719 0.767188 0.035937 0.031250
0 0.353906 0.549219 0.017188 0.042188
0 0.400000 0.107813 0.031250 0.046875
0 0.307812 0.671875 0.021875 0.050000
0 0.825781 0.776563 0.035937 0.050000
0 0.715625 0.494531 0.037500 0.029687
0 0.335938 0.008594 0.021875 0.017188
0 0.403906 0.717187 0.017188 0.046875
0 0.033594 0.760156 0.039062 0.029687
0 0.717969 0.792969 0.020313 0.051562
0 0.130469 0.094531 0.026562 0.048438
0 0.262500 0.008594 0.021875 0.017188
0 0.625781 0.967187 0.023438 0.046875
0 0.248438 0.904687 0.037500 0.037500
0 0.290625 0.921094 0.046875 0.020313
0 0.686719 0.801562 0.045312 0.028125
0 0.353906 0.692187 0.032813 0.034375
0 0.940625 0.876563 0.034375 0.031250
0 0.247656 0.059375 0.051562 0.028125
0 0.009375 0.292969 0.018750 0.032813
0 0.406250 0.935156 0.018750 0.039062
0 0.142187 0.032031 0.040625 0.023438
0 0.966406 0.543750 0.023438 0.040625
0 0.700781 0.134375 0.035937 0.046875
0 0.900781 0.513281 0.020313 0.029687
0 0.688281 0.852344 0.051562 0.026562
0 0.208594 0.772656 0.039062 0.026562
0 0.773438 0.788281 0.021875 0.048438
0 0.382812 0.325000 0.040625 0.037500
0 0.800000 0.817969 0.028125 0.042188
0 0.797656 0.968750 0.023438 0.043750
0 0.044531 0.861719 0.017188 0.042188
0 0.373437 0.600781 0.046875 0.023438
0 0.689063 0.259375 0.021875 0.056250
0 0.706250 0.725000 0.025000 0.050000
0 0.364063 0.622656 0.050000 0.020313
0 0.974219 0.945312 0.029687 0.034375
0 0.283594 0.124219 0.026562 0.045312
0 0.708594 0.389844 0.039062 0.029687
0 0.682031 0.703125 0.026562 0.040625
0 0.375781 0.532813 0.023438 0.050000
0 0.988281 0.508594 0.023438 0.026562
0 0.619531 0.878906 0.020313 0.042188
0 0.925781 0.020313 0.023438 0.040625
0 0.145313 0.010937 0.021875 0.021875
0 0.403906 0.017969 0.032813 0.035937
0 0.373437 0.015625 0.018750 0.031250
0 0.176563 0.007812 0.043750 0.015625
0 0.097656 0.062500 0.020313 0.040625
0 0.679688 0.736719 0.034375 0.029687
0 0.417187 0.882031 0.040625 0.017188
0 0.688281 0.492969 0.017188 0.045312
0 0.193750 0.752344 0.031250 0.029687
0 0.008594 0.948438 0.017188 0.018750
0 0.363281 0.033594 0.026562 0.029687
0 0.971875 0.479687 0.050000 0.018750
0 0.310937 0.057031 0.028125 0.020313
0 0.409375 0.864844 0.028125 0.020313
0 0.285938 0.090625 0.043750 0.021875
0 0.709375 0.413281 0.040625 0.023438
0 0.428906 0.864062 0.029687 0.028125
0 0.977344 0.492188 0.042188 0.015625
0 0.975000 0.871875 0.046875 0.018750
0 0.989062 0.918750 0.021875 0.021875
0 0.340625 0.057031 0.040625 0.020313
0 0.392969 0.052344 0.042188 0.032813
0 0.193750 0.292187 0.015625 0.021875
0 0.101562 0.092969 0.025000 0.048438
0 0.659375 0.834375 0.021875 0.018750
0 0.910937 0.353906 0.015625 0.023438
0 0.933594 0.643750 0.039062 0.031250
0 0.180469 0.778125 0.020313 0.025000
0 0.821094 0.963281 0.026562 0.029687
0 0.845313 0.972656 0.037500 0.026562
0 0.983594 0.887500 0.029687 0.015625