0 0.243750 0.975781 0.046875 0.023438
0 0.809375 0.975000 0.021875 0.037500
0 0.835156 0.964844 0.026562 0.045312
0 0.430469 0.918750 0.045312 0.021875
0 0.158594 0.925000 0.032813 0.037500
0 0.583594 0.913281 0.017188 0.032813
0 0.086719 0.906250 0.026562 0.034375
0 0.719531 0.892188 0.039062 0.025000
0 0.594531 0.885156 0.045312 0.020313
0 0.939063 0.891406 0.037500 0.035937
0 0.894531 0.878906 0.042188 0.026562
0 0.089063 0.873437 0.034375 0.031250
0 0.758594 0.878125 0.026562 0.046875
0 0.153906 0.880469 0.017188 0.051562
0 0.671875 0.869531 0.034375 0.039062
0 0.859375 0.837500 0.043750 0.021875
0 0.539844 0.834375 0.035937 0.028125
0 0.871094 0.807813 0.039062 0.021875
0 0.385156 0.807813 0.020313 0.040625
0 0.688281 0.795312 0.048438 0.025000
0 0.781250 0.792188 0.062500 0.050000
0 0.561719 0.771875 0.048438 0.018750
0 0.319531 0.782813 0.023438 0.040625
0 0.437500 0.759375 0.046875 0.028125
0 0.873437 0.764062 0.031250 0.043750
0 0.527344 0.728125 0.039062 0.021875
0 0.935937 0.696875 0.018750 0.040625
0 0.297656 0.697656 0.023438 0.042188
0 0.967969 0.685937 0.035937 0.031250
0 0.587500 0.673438 0.053125 0.025000
0 0.733594 0.669531 0.032813 0.029687
0 0.417187 0.675781 0.025000 0.051562
0 0.467187 0.658594 0.040625 0.032813
0 0.339844 0.667188 0.020313 0.050000
0 0.909375 0.653125 0.028125 0.025000
0 0.592187 0.632031 0.025000 0.039062
0 0.949219 0.621875 0.042188 0.028125
0 0.287500 0.585938 0.015625 0.031250
0 0.885938 0.580469 0.025000 0.048438
0 0.664062 0.569531 0.037500 0.026562
0 0.503125 0.578906 0.040625 0.045312
0 0.946094 0.562500 0.017188 0.021875
0 0.385156 0.560937 0.032813 0.025000
0 0.920312 0.561719 0.025000 0.045312
0 0.841406 0.545312 0.029687 0.043750
0 0.732031 0.538281 0.023438 0.029687
0 0.174219 0.536719 0.032813 0.032813
0 0.789844 0.531250 0.045312 0.025000
0 0.434375 0.514844 0.034375 0.042188
0 0.845313 0.472656 0.021875 0.032813
0 0.805469 0.467187 0.023438 0.037500
0 0.992969 0.438281 0.014063 0.020313
0 0.895312 0.442969 0.037500 0.035937
0 0.921875 0.396875 0.046875 0.021875
0 0.978125 0.389844 0.031250 0.042188
0 0.694531 0.378906 0.039062 0.045312
0 0.913281 0.363281 0.035937 0.032813
0 0.750781 0.307812 0.035937 0.018750
0 0.077344 0.322656 0.023438 0.048438
0 0.322656 0.321094 0.023438 0.048438
0 0.302344 0.224219 0.023438 0.048438
0 0.549219 0.207813 0.029687 0.040625
0 0.727344 0.196875 0.051562 0.025000
0 0.428125 0.179688 0.031250 0.056250
0 0.382031 0.142187 0.042188 0.018750
0 0.310156 0.144531 0.020313 0.048438
0 0.657813 0.099219 0.040625 0.045312
0 0.528125 0.091406 0.031250 0.045312
0 0.486719 0.075000 0.029687 0.018750
0 0.628125 0.084375 0.021875 0.050000
0 0.818750 0.044531 0.018750 0.017188
0 0.979688 0.050000 0.031250 0.031250
0 0.292969 0.046875 0.035937 0.028125
0 0.169531 0.044531 0.035937 0.029687
0 0.946875 0.041406 0.031250 0.032813
0 0.337500 0.024219 0.046875 0.035937
0 0.491406 0.005469 0.045312 0.010937
0 0.549219 0.386719 0.039062 0.035937
0 0.585156 0.415625 0.029687 0.059375
0 0.518750 0.183594 0.031250 0.045312
0 0.506250 0.207031 0.025000 0.045312
0 0.471094 0.225000 0.045312 0.018750
0 0.459375 0.217969 0.046875 0.067187
0 0.392969 0.205469 0.039062 0.035937
0 0.388281 0.175781 0.045312 0.039062
0 0.357812 0.160156 0.053125 0.023438
0 0.386719 0.247656 0.029687 0.045312
0 0.372656 0.350000 0.032813 0.040625
0 0.396094 0.339844 0.042188 0.023438
0 0.420312 0.363281 0.034375 0.029687
0 0.418750 0.400000 0.031250 0.056250
0 0.382812 0.373437 0.043750 0.018750
0 0.386719 0.395313 0.039062 0.028125
0 0.359375 0.416406 0.025000 0.051562
0 0.332813 0.379688 0.028125 0.062500
0 0.354687 0.611719 0.025000 0.054688
0 0.341406 0.627344 0.032813 0.057813
0 0.607812 0.614062 0.025000 0.046875
0 0.646094 0.610156 0.051562 0.029687
0 0.709375 0.531250 0.018750 0.034375
0 0.688281 0.541406 0.039062 0.035937
0 0.690625 0.574219 0.028125 0.032813
0 0.717187 0.571094 0.018750 0.039062
0 0.717969 0.592969 0.029687 0.035937
0 0.746094 0.581250 0.026562 0.034375
0 0.735156 0.608594 0.035937 0.032813
0 0.690625 0.447656 0.043750 0.042188
0 0.721094 0.407031 0.032813 0.051562
0 0.651563 0.225781 0.037500 0.042188
0 0.966406 0.156250 0.029687 0.031250
0 0.940625 0.165625 0.028125 0.040625
0 0.957031 0.194531 0.035937 0.020313
0 0.690625 0.041406 0.025000 0.048438
0 0.678906 0.017188 0.032813 0.034375
0 0.658594 0.010937 0.023438 0.021875
0 0.050781 0.069531 0.039062 0.035937
0 0.054688 0.113281 0.046875 0.032813
0 0.083594 0.105469 0.039062 0.023438
0 0.142969 0.168750 0.026562 0.053125
0 0.176563 0.178906 0.037500 0.032813
0 0.177344 0.200781 0.035937 0.032813
0 0.070312 0.237500 0.037500 0.050000
0 0.050781 0.281250 0.032813 0.037500
0 0.139844 0.322656 0.032813 0.032813
0 0.178125 0.321875 0.043750 0.031250
0 0.078125 0.503125 0.028125 0.050000
0 0.052344 0.504687 0.026562 0.050000
0 0.048438 0.575000 0.028125 0.062500
0 0.275000 0.937500 0.046875 0.021875
0 0.293750 0.925000 0.053125 0.025000
0 0.564844 0.927344 0.023438 0.032813
0 0.540625 0.917969 0.028125 0.035937
0 0.545312 0.882031 0.043750 0.045312
0 0.510156 0.853906 0.039062 0.042188
0 0.733594 0.717187 0.023438 0.053125
0 0.617969 0.986719 0.026562 0.023438
0 0.666406 0.944531 0.026562 0.032813
0 0.682813 0.965625 0.018750 0.050000
0 0.727344 0.841406 0.026562 0.048438
0 0.692969 0.835938 0.042188 0.028125
0 0.735938 0.810937 0.040625 0.015625
0 0.835938 0.789062 0.018750 0.053125
0 0.813281 0.762500 0.026562 0.053125
0 0.820312 0.717187 0.034375 0.043750
0 0.851562 0.681250 0.025000 0.053125
0 0.884375 0.703906 0.053125 0.026562
0 0.907813 0.735938 0.025000 0.053125
0 0.939844 0.731250 0.035937 0.028125
0 0.923438 0.750000 0.028125 0.037500
0 0.914844 0.784375 0.039062 0.043750
0 0.927344 0.817187 0.039062 0.021875
0 0.918750 0.852344 0.012500 0.039062
0 0.928125 0.850000 0.025000 0.040625
0 0.953125 0.832812 0.031250 0.040625
0 0.966406 0.507031 0.039062 0.048438
0 0.945312 0.477344 0.043750 0.032813
0 0.942969 0.517188 0.020313 0.043750
0 0.993750 0.657031 0.009375 0.020313
0 0.051562 0.889844 0.021875 0.048438
0 0.047656 0.853906 0.045312 0.023438