0 0.236719 0.238281 0.032813 0.035937
0 0.447656 0.464062 0.032813 0.034375
0 0.602344 0.508594 0.039062 0.032813
0 0.965625 0.307031 0.037500 0.032813
0 0.734375 0.685156 0.046875 0.029687
0 0.450000 0.807813 0.037500 0.037500
0 0.339844 0.156250 0.029687 0.037500
0 0.252344 0.075781 0.026562 0.042188
0 0.771094 0.760156 0.051562 0.026562
0 0.546875 0.208594 0.040625 0.039062
0 0.340625 0.634375 0.021875 0.050000
0 0.302344 0.854688 0.039062 0.025000
0 0.276562 0.271875 0.037500 0.028125
0 0.345313 0.368750 0.037500 0.040625
0 0.649219 0.585156 0.039062 0.029687
0 0.525781 0.144531 0.035937 0.039062
0 0.585938 0.960156 0.043750 0.032813
0 0.655469 0.501563 0.023438 0.050000
0 0.625000 0.274219 0.037500 0.032813
0 0.929688 0.460156 0.021875 0.045312
0 0.921875 0.135156 0.043750 0.020313
0 0.346875 0.716406 0.034375 0.035937
0 0.589844 0.151562 0.039062 0.034375
0 0.746875 0.530469 0.040625 0.039062
0 0.529687 0.242969 0.040625 0.032813
0 0.220312 0.475000 0.043750 0.037500
0 0.578125 0.457813 0.025000 0.046875
0 0.467969 0.526563 0.045312 0.031250
0 0.811719 0.890625 0.042188 0.021875
0 0.861719 0.965625 0.045312 0.028125
0 0.313281 0.328906 0.042188 0.023438
0 0.549219 0.600000 0.035937 0.043750
0 0.399219 0.889062 0.045312 0.028125
0 0.507031 0.546875 0.020313 0.046875
0 0.186719 0.052344 0.032813 0.039062
0 0.975000 0.987500 0.037500 0.025000
0 0.506250 0.205469 0.034375 0.039062
0 0.221875 0.653125 0.025000 0.040625
0 0.764844 0.195312 0.042188 0.034375
0 0.239844 0.281250 0.023438 0.043750
0 0.843750 0.575000 0.043750 0.040625
0 0.189844 0.103125 0.039062 0.034375
0 0.229687 0.353906 0.021875 0.048438
0 0.689844 0.954688 0.048438 0.034375
0 0.732031 0.777344 0.023438 0.045312
0 0.339062 0.254688 0.050000 0.025000
0 0.748437 0.157812 0.037500 0.040625
0 0.776563 0.410938 0.025000 0.050000
0 0.659375 0.379688 0.050000 0.021875
0 0.793750 0.122656 0.018750 0.045312
0 0.310156 0.986719 0.039062 0.026562
0 0.971094 0.860156 0.042188 0.023438
0 0.615625 0.326562 0.018750 0.050000
0 0.537500 0.969531 0.043750 0.020313
0 0.870313 0.601562 0.046875 0.034375
0 0.469531 0.592969 0.020313 0.035937
0 0.727344 0.813281 0.042188 0.029687
0 0.471875 0.242969 0.018750 0.029687
0 0.215625 0.901563 0.031250 0.034375
0 0.832812 0.325781 0.028125 0.042188
0 0.732031 0.953125 0.023438 0.040625
0 0.588281 0.389844 0.045312 0.035937
0 0.267188 0.740625 0.037500 0.053125
0 0.646875 0.926562 0.028125 0.043750
0 0.663281 0.120313 0.035937 0.043750
0 0.615625 0.399219 0.034375 0.039062
0 0.903125 0.774219 0.025000 0.051562
0 0.539062 0.989844 0.034375 0.020313
0 0.925781 0.853125 0.039062 0.031250
0 0.695312 0.400000 0.040625 0.028125
0 0.685156 0.339844 0.017188 0.042188
0 0.875000 0.671094 0.043750 0.023438
0 0.154688 0.150000 0.040625 0.034375
0 0.833594 0.122656 0.029687 0.045312
0 0.805469 0.474219 0.020313 0.051562
0 0.156250 0.058594 0.021875 0.051562
0 0.846094 0.087500 0.035937 0.018750
0 0.232031 0.745313 0.039062 0.037500
0 0.858594 0.453906 0.042188 0.035937
0 0.771094 0.353906 0.039062 0.045312
0 0.165625 0.228125 0.031250 0.037500
0 0.756250 0.839063 0.040625 0.018750
0 0.882031 0.800781 0.039062 0.035937
0 0.710156 0.925781 0.048438 0.020313
0 0.328906 0.277344 0.039062 0.023438
0 0.174219 0.385937 0.026562 0.043750
0 0.855469 0.300781 0.051562 0.023438
0 0.863281 0.648438 0.039062 0.031250
0 0.428906 0.684375 0.020313 0.046875
0 0.467969 0.887500 0.026562 0.056250
0 0.673438 0.901563 0.025000 0.046875
0 0.296094 0.403906 0.026562 0.020313
0 0.979688 0.521094 0.018750 0.035937
0 0.437500 0.853906 0.037500 0.029687
0 0.889062 0.582812 0.028125 0.037500
0 0.476562 0.638281 0.028125 0.023438
0 0.318750 0.410938 0.025000 0.034375
0 0.427344 0.639062 0.020313 0.050000
0 0.940625 0.826562 0.025000 0.028125
0 0.667969 0.153125 0.057813 0.028125
0 0.761719 0.621875 0.023438 0.040625
0 0.218750 0.164844 0.018750 0.020313
0 0.835938 0.494531 0.021875 0.039062
0 0.158594 0.125781 0.039062 0.035937
0 0.143750 0.221094 0.018750 0.045312
0 0.732031 0.327344 0.014063 0.032813
0 0.814063 0.143750 0.018750 0.040625
0 0.625781 0.902344 0.035937 0.039062
0 0.155469 0.100781 0.023438 0.032813
0 0.991406 0.403906 0.017188 0.026562
0 0.720313 0.357031 0.021875 0.026562
0 0.839844 0.628906 0.035937 0.035937
0 0.848437 0.840625 0.025000 0.046875
0 0.445312 0.893750 0.021875 0.025000
0 0.710938 0.304688 0.025000 0.034375
0 0.746875 0.355469 0.031250 0.051562
0 0.726562 0.896875 0.037500 0.037500