0 0.295312 0.992969 0.021875 0.014063
0 0.648438 0.972656 0.050000 0.029687
0 0.230469 0.965625 0.032813 0.028125
0 0.110156 0.964063 0.042188 0.031250
0 0.492969 0.964844 0.045312 0.035937
0 0.071875 0.968750 0.018750 0.043750
0 0.539062 0.953906 0.028125 0.042188
0 0.589063 0.939844 0.043750 0.042188
0 0.113281 0.920312 0.023438 0.043750
0 0.641406 0.916406 0.039062 0.051562
0 0.225781 0.911719 0.017188 0.042188
0 0.053125 0.897656 0.046875 0.023438
0 0.092969 0.891406 0.020313 0.042188
0 0.617969 0.864844 0.023438 0.045312
0 0.487500 0.845313 0.021875 0.021875
0 0.175000 0.850781 0.025000 0.039062
0 0.539844 0.839063 0.026562 0.043750
0 0.425000 0.801562 0.018750 0.050000
0 0.250781 0.771094 0.026562 0.042188
0 0.014063 0.756250 0.028125 0.018750
0 0.214062 0.765625 0.021875 0.043750
0 0.478906 0.753125 0.035937 0.034375
0 0.653125 0.753125 0.021875 0.046875
0 0.112500 0.746875 0.021875 0.037500
0 0.078125 0.739844 0.043750 0.023438
0 0.067969 0.711719 0.039062 0.032813
0 0.430469 0.698438 0.023438 0.046875
0 0.507031 0.692187 0.020313 0.043750
0 0.174219 0.689063 0.020313 0.040625
0 0.472656 0.684375 0.029687 0.043750
0 0.421875 0.660937 0.046875 0.021875
0 0.989062 0.658594 0.018750 0.042188
0 0.392969 0.637500 0.039062 0.025000
0 0.361719 0.616406 0.039062 0.035937
0 0.454688 0.602344 0.043750 0.026562
0 0.161719 0.597656 0.014063 0.029687
0 0.550781 0.601562 0.026562 0.043750
0 0.177344 0.562500 0.032813 0.037500
0 0.289062 0.532031 0.040625 0.020313
0 0.239063 0.514844 0.018750 0.042188
0 0.593750 0.450000 0.046875 0.028125
0 0.071094 0.451562 0.023438 0.037500
0 0.569531 0.417969 0.042188 0.020313
0 0.497656 0.417969 0.020313 0.048438
0 0.161719 0.404687 0.032813 0.031250
0 0.374219 0.388281 0.029687 0.039062
0 0.629687 0.375000 0.043750 0.018750
0 0.367969 0.342969 0.039062 0.026562
0 0.146094 0.326562 0.023438 0.018750
0 0.704688 0.317188 0.056250 0.025000
0 0.113281 0.318750 0.035937 0.034375
0 0.045312 0.314844 0.031250 0.032813
0 0.658594 0.286719 0.035937 0.029687
0 0.498437 0.274219 0.037500 0.029687
0 0.966406 0.279687 0.026562 0.050000
0 0.625781 0.259375 0.042188 0.031250
0 0.204687 0.252344 0.043750 0.020313
0 0.354687 0.252344 0.028125 0.039062
0 0.911719 0.211719 0.029687 0.045312
0 0.288281 0.196875 0.039062 0.028125
0 0.109375 0.169531 0.043750 0.023438
0 0.214844 0.157812 0.045312 0.028125
0 0.243750 0.125781 0.040625 0.029687
0 0.030469 0.125781 0.032813 0.039062
0 0.011719 0.100781 0.023438 0.020313
0 0.464844 0.096875 0.039062 0.031250
0 0.197656 0.073438 0.042188 0.018750
0 0.992188 0.070312 0.015625 0.028125
0 0.526563 0.046875 0.025000 0.043750
0 0.519531 0.010156 0.042188 0.020313
0 0.578906 0.011719 0.039062 0.023438
0 0.624219 0.006250 0.051562 0.012500
0 0.611719 0.025000 0.035937 0.021875
0 0.650000 0.035937 0.037500 0.018750
0 0.684375 0.029687 0.037500 0.021875
0 0.607812 0.071875 0.021875 0.043750
0 0.631250 0.076563 0.021875 0.040625
0 0.637500 0.107813 0.028125 0.037500
0 0.695312 0.102344 0.012500 0.042188
0 0.698438 0.060937 0.009375 0.025000
0 0.691406 0.150781 0.017188 0.029687
0 0.584375 0.094531 0.015625 0.045312
0 0.537500 0.183594 0.021875 0.045312
0 0.564063 0.193750 0.015625 0.043750
0 0.334375 0.086719 0.040625 0.020313
0 0.309375 0.111719 0.018750 0.048438
0 0.326562 0.132812 0.025000 0.034375
0 0.426563 0.079687 0.040625 0.025000
0 0.388281 0.076563 0.039062 0.034375
0 0.376563 0.040625 0.043750 0.015625
0 0.404687 0.030469 0.021875 0.020313
0 0.483594 0.039062 0.048438 0.018750
0 0.216406 0.050000 0.048438 0.021875
0 0.167187 0.055469 0.031250 0.035937
0 0.128125 0.063281 0.040625 0.017188
0 0.118750 0.094531 0.040625 0.029687
0 0.132812 0.125781 0.046875 0.039062
0 0.078125 0.074219 0.018750 0.051562
0 0.014063 0.154688 0.028125 0.031250
0 0.008594 0.174219 0.017188 0.020313
0 0.046094 0.211719 0.029687 0.042188
0 0.368750 0.274219 0.037500 0.026562
0 0.372656 0.288281 0.020313 0.017188
0 0.465625 0.319531 0.025000 0.010937
0 0.446094 0.305469 0.057813 0.023438
0 0.327344 0.433594 0.023438 0.039062
0 0.300781 0.450000 0.035937 0.028125
0 0.426563 0.419531 0.037500 0.026562
0 0.449219 0.429688 0.042188 0.018750
0 0.137500 0.369531 0.028125 0.035937
0 0.111719 0.401562 0.026562 0.043750
0 0.129688 0.419531 0.015625 0.042188
0 0.177344 0.446875 0.045312 0.021875
0 0.160938 0.467187 0.046875 0.018750
0 0.192969 0.492188 0.026562 0.034375
0 0.204687 0.489844 0.031250 0.032813
0 0.043750 0.506250 0.034375 0.040625
0 0.024219 0.482031 0.042188 0.020313
0 0.094531 0.653906 0.026562 0.042188
0 0.157812 0.900000 0.043750 0.012500
0 0.160938 0.928906 0.043750 0.020313
0 0.152344 0.910937 0.023438 0.037500
0 0.245312 0.864062 0.043750 0.028125
0 0.269531 0.896875 0.020313 0.059375
0 0.289062 0.842187 0.028125 0.040625
0 0.321875 0.844531 0.046875 0.029687
0 0.317188 0.738281 0.031250 0.017188
0 0.325000 0.803906 0.037500 0.035937
0 0.366406 0.775781 0.045312 0.032813
0 0.348438 0.746875 0.018750 0.040625
0 0.214844 0.574219 0.026562 0.026562
0 0.225000 0.557813 0.031250 0.021875
0 0.246094 0.546094 0.039062 0.017188
0 0.221875 0.593750 0.040625 0.021875
0 0.242969 0.631250 0.039062 0.034375
0 0.262500 0.655469 0.043750 0.014063
0 0.278906 0.649219 0.029687 0.032813
0 0.314844 0.655469 0.035937 0.032813
0 0.304688 0.621094 0.037500 0.026562
0 0.296875 0.584375 0.034375 0.031250
0 0.319531 0.557031 0.042188 0.017188
0 0.327344 0.583594 0.039062 0.026562
0 0.367969 0.577344 0.035937 0.032813
0 0.325000 0.610156 0.021875 0.032813
0 0.410938 0.590625 0.031250 0.031250
0 0.395313 0.547656 0.031250 0.035937
0 0.425781 0.560156 0.023438 0.042188
0 0.450000 0.560937 0.025000 0.034375
0 0.442969 0.539062 0.020313 0.021875
0 0.461719 0.525000 0.029687 0.028125
0 0.556250 0.507812 0.053125 0.018750
0 0.545312 0.539062 0.031250 0.034375
0 0.572656 0.552344 0.039062 0.029687
0 0.603906 0.572656 0.035937 0.026562
0 0.584375 0.581250 0.028125 0.028125
0 0.575000 0.615625 0.025000 0.043750
0 0.592187 0.624219 0.018750 0.029687
0 0.628125 0.607812 0.021875 0.050000
0 0.712500 0.339844 0.037500 0.017188
0 0.712500 0.364844 0.018750 0.035937
0 0.694531 0.407031 0.017188 0.035937
0 0.685937 0.428906 0.025000 0.039062
0 0.664062 0.434375 0.025000 0.025000
0 0.636719 0.476562 0.042188 0.018750
0 0.628906 0.507812 0.029687 0.040625
0 0.613281 0.506250 0.014063 0.015625
0 0.692969 0.503125 0.017188 0.037500
0 0.654687 0.520312 0.018750 0.040625
0 0.681250 0.533594 0.028125 0.026562
0 0.696875 0.544531 0.028125 0.039062
0 0.675781 0.569531 0.020313 0.042188
0 0.633594 0.560937 0.023438 0.031250
0 0.647656 0.575000 0.026562 0.043750
0 0.664062 0.628906 0.034375 0.023438
0 0.671875 0.641406 0.021875 0.048438
0 0.686719 0.610938 0.017188 0.034375
0 0.704688 0.614844 0.018750 0.026562
0 0.679688 0.713281 0.028125 0.039062
0 0.689063 0.784375 0.028125 0.037500
0 0.685156 0.821094 0.023438 0.032813
0 0.675781 0.862500 0.035937 0.050000
0 0.685156 0.870313 0.023438 0.034375
0 0.676562 0.913281 0.018750 0.048438
0 0.564063 0.951562 0.028125 0.037500
0 0.559375 0.984375 0.037500 0.028125
0 0.542188 0.799219 0.040625 0.032813
0 0.563281 0.824219 0.023438 0.039062
0 0.580469 0.892188 0.020313 0.043750
0 0.557813 0.873437 0.043750 0.021875
0 0.532031 0.889844 0.032813 0.026562
0 0.545312 0.903906 0.043750 0.017188
0 0.366406 0.837500 0.042188 0.018750
0 0.343750 0.958594 0.037500 0.039062
0 0.360156 0.960938 0.035937 0.031250
0 0.358594 0.985938 0.035937 0.025000
0 0.374219 0.978125 0.020313 0.018750
0 0.385156 0.957031 0.010937 0.042188
0 0.412500 0.968750 0.025000 0.028125
0 0.413281 0.992188 0.017188 0.012500
0 0.450000 0.984375 0.031250 0.028125
0 0.414062 0.946094 0.040625 0.017188
0 0.414062 0.931250 0.015625 0.015625
0 0.395313 0.916406 0.028125 0.026562
0 0.406250 0.887500 0.031250 0.028125
0 0.421094 0.909375 0.035937 0.021875
0 0.461719 0.891406 0.042188 0.029687
0 0.451562 0.921094 0.031250 0.017188
0 0.436719 0.932813 0.035937 0.012500
0 0.482031 0.920312 0.039062 0.018750
0 0.450781 0.946094 0.032813 0.023438
0 0.475781 0.944531 0.017188 0.010937
0 0.494531 0.992969 0.042188 0.010937
0 0.960938 0.679688 0.021875 0.046875
0 0.968750 0.981250 0.031250 0.031250
0 0.982812 0.946094 0.028125 0.039062
0 0.971875 0.903125 0.018750 0.043750
0 0.983594 0.897656 0.026562 0.014063
0 0.986719 0.878125 0.023438 0.018750
0 0.969531 0.847656 0.023438 0.054688
0 0.989844 0.835156 0.017188 0.054688
0 0.960938 0.795312 0.021875 0.050000
0 0.985938 0.787500 0.025000 0.037500
0 0.988281 0.746094 0.020313 0.045312
0 0.969531 0.545312 0.017188 0.050000
0 0.962500 0.399219 0.015625 0.039062
0 0.975781 0.418750 0.023438 0.021875
0 0.982031 0.439844 0.010937 0.026562
0 0.991406 0.314844 0.014063 0.042188
0 0.985938 0.345313 0.021875 0.018750
0 0.900000 0.245312 0.031250 0.043750
0 0.914844 0.133594 0.023438 0.045312
0 0.933594 0.116406 0.014063 0.026562
0 0.910937 0.100000 0.037500 0.025000
0 0.905469 0.060937 0.039062 0.037500
0 0.938281 0.073438 0.042188 0.021875
0 0.990625 0.976562 0.015625 0.028125