0 0.219531 0.853906 0.026562 0.035937
0 0.251563 0.039062 0.034375 0.037500
0 0.623437 0.982812 0.046875 0.031250
0 0.259375 0.152344 0.018750 0.042188
0 0.042969 0.726562 0.029687 0.037500
0 0.385156 0.292969 0.032813 0.032813
0 0.268750 0.287500 0.025000 0.046875
0 0.312500 0.207031 0.040625 0.029687
0 0.444531 0.477344 0.039062 0.032813
0 0.524219 0.014063 0.035937 0.028125
0 0.071875 0.393750 0.025000 0.050000
0 0.934375 0.019531 0.034375 0.039062
0 0.771875 0.442188 0.037500 0.034375
0 0.589063 0.908594 0.040625 0.029687
0 0.470313 0.424219 0.037500 0.039062
0 0.742188 0.160156 0.034375 0.039062
0 0.132031 0.521875 0.035937 0.046875
0 0.460156 0.787500 0.032813 0.046875
0 0.271094 0.942187 0.035937 0.037500
0 0.378125 0.197656 0.031250 0.039062
0 0.085156 0.439063 0.035937 0.046875
0 0.314844 0.689063 0.042188 0.018750
0 0.658594 0.046094 0.039062 0.029687
0 0.570312 0.228906 0.046875 0.026562
0 0.082031 0.807031 0.026562 0.042188
0 0.407031 0.929688 0.045312 0.034375
0 0.317188 0.588281 0.040625 0.032813
0 0.432812 0.676562 0.028125 0.050000
0 0.589063 0.790625 0.046875 0.031250
0 0.736719 0.260156 0.032813 0.042188
0 0.379688 0.457031 0.043750 0.020313
0 0.964063 0.281250 0.037500 0.040625
0 0.770312 0.501563 0.031250 0.046875
0 0.452344 0.117969 0.042188 0.045312
0 0.687500 0.500781 0.046875 0.023438
0 0.075000 0.535937 0.037500 0.046875
0 0.456250 0.646094 0.025000 0.045312
0 0.328125 0.447656 0.021875 0.045312
0 0.160156 0.445312 0.029687 0.043750
0 0.491406 0.219531 0.017188 0.042188
0 0.521875 0.053125 0.031250 0.034375
0 0.537500 0.243750 0.046875 0.034375
0 0.528906 0.797656 0.029687 0.048438
0 0.726562 0.435156 0.040625 0.023438
0 0.908594 0.317969 0.039062 0.017188
0 0.102344 0.718750 0.020313 0.050000
0 0.337500 0.803906 0.025000 0.054688
0 0.741406 0.865625 0.045312 0.021875
0 0.254688 0.773438 0.021875 0.043750
0 0.861719 0.875781 0.035937 0.035937
0 0.669531 0.767969 0.035937 0.020313
0 0.984375 0.116406 0.028125 0.048438
0 0.125781 0.903125 0.039062 0.025000
0 0.853906 0.251563 0.032813 0.043750
0 0.075000 0.587500 0.031250 0.046875
0 0.090625 0.508594 0.034375 0.042188
0 0.314063 0.375781 0.053125 0.023438
0 0.338281 0.758594 0.051562 0.039062
0 0.168750 0.912500 0.040625 0.021875
0 0.228906 0.370312 0.051562 0.021875
0 0.646094 0.150000 0.035937 0.031250
0 0.781250 0.617969 0.031250 0.039062
0 0.493750 0.810156 0.021875 0.048438
0 0.650000 0.257812 0.034375 0.043750
0 0.338281 0.107031 0.026562 0.045312
0 0.545312 0.834375 0.028125 0.053125
0 0.517969 0.843750 0.020313 0.040625
0 0.739062 0.364844 0.043750 0.029687
0 0.907031 0.577344 0.045312 0.029687
0 0.696094 0.983594 0.032813 0.032813
0 0.192188 0.015625 0.021875 0.031250
0 0.873437 0.521094 0.034375 0.029687
0 0.041406 0.080469 0.057813 0.023438
0 0.230469 0.713281 0.048438 0.026562
0 0.101562 0.632812 0.034375 0.043750
0 0.715625 0.093750 0.021875 0.050000
0 0.107813 0.273438 0.043750 0.018750
0 0.108594 0.865625 0.039062 0.028125
0 0.601562 0.831250 0.046875 0.018750
0 0.818750 0.958594 0.040625 0.023438
0 0.207031 0.496094 0.026562 0.039062
0 0.165625 0.682813 0.028125 0.050000
0 0.468750 0.346875 0.046875 0.034375
0 0.754687 0.982031 0.037500 0.023438
0 0.272656 0.356250 0.032813 0.037500
0 0.947656 0.810937 0.035937 0.034375
0 0.893750 0.206250 0.043750 0.028125
0 0.766406 0.924219 0.039062 0.029687
0 0.834375 0.104688 0.046875 0.018750
0 0.419531 0.593750 0.029687 0.043750
0 0.426563 0.174219 0.021875 0.042188
0 0.761719 0.329688 0.023438 0.056250
0 0.814063 0.181250 0.040625 0.037500
0 0.717187 0.714844 0.037500 0.035937
0 0.794531 0.934375 0.035937 0.040625
0 0.725000 0.978906 0.018750 0.042188
0 0.781250 0.882031 0.040625 0.020313
0 0.628906 0.306250 0.032813 0.046875
0 0.076563 0.071875 0.021875 0.046875
0 0.903125 0.514844 0.021875 0.045312
0 0.681250 0.605469 0.037500 0.042188
0 0.398438 0.989062 0.028125 0.021875
0 0.953906 0.518750 0.042188 0.031250
0 0.857812 0.192188 0.043750 0.018750
0 0.219531 0.437500 0.042188 0.021875
0 0.315625 0.067187 0.028125 0.040625
0 0.909375 0.477344 0.043750 0.029687
0 0.969531 0.545312 0.029687 0.025000
0 0.778125 0.223438 0.031250 0.037500
0 0.422656 0.039062 0.026562 0.043750
0 0.183594 0.714063 0.045312 0.031250
0 0.741406 0.788281 0.032813 0.045312
0 0.654687 0.316406 0.037500 0.023438
0 0.039844 0.218750 0.023438 0.046875
0 0.052344 0.118750 0.042188 0.021875
0 0.364844 0.576562 0.042188 0.031250
0 0.902344 0.103125 0.020313 0.059375
0 0.841406 0.895312 0.042188 0.021875
0 0.869531 0.084375 0.045312 0.021875
0 0.213281 0.524219 0.048438 0.020313
0 0.156250 0.764844 0.031250 0.045312
0 0.882031 0.154688 0.039062 0.031250
0 0.318750 0.978906 0.018750 0.039062
0 0.532813 0.402344 0.018750 0.042188
0 0.402344 0.028906 0.017188 0.045312
0 0.972656 0.983594 0.023438 0.029687
0 0.282031 0.631250 0.029687 0.034375
0 0.398438 0.567969 0.046875 0.020313
0 0.142969 0.854688 0.048438 0.021875
0 0.293750 0.865625 0.040625 0.025000
0 0.728906 0.017188 0.020313 0.034375
0 0.678125 0.696875 0.018750 0.043750
0 0.903906 0.173437 0.045312 0.021875
0 0.154688 0.010937 0.021875 0.021875
0 0.761719 0.013281 0.045312 0.026562
0 0.549219 0.417969 0.020313 0.048438
0 0.913281 0.825000 0.029687 0.037500
0 0.182031 0.738281 0.045312 0.032813
0 0.546094 0.907813 0.026562 0.021875
0 0.928125 0.540625 0.018750 0.043750
0 0.842969 0.823438 0.023438 0.037500
0 0.030469 0.991406 0.026562 0.017188
0 0.685937 0.825781 0.021875 0.048438
0 0.803125 0.836719 0.031250 0.023438
0 0.673438 0.655469 0.028125 0.039062
0 0.961719 0.970313 0.023438 0.043750
0 0.936719 0.083594 0.029687 0.017188
0 0.656250 0.657031 0.018750 0.042188
0 0.142969 0.702344 0.020313 0.032813
0 0.209375 0.121875 0.028125 0.050000
0 0.872656 0.117969 0.035937 0.023438
0 0.082812 0.115625 0.037500 0.025000
0 0.384375 0.529687 0.031250 0.025000
0 0.131250 0.984375 0.040625 0.031250
0 0.965625 0.178125 0.031250 0.018750
0 0.357031 0.542969 0.045312 0.026562
0 0.763281 0.956250 0.023438 0.037500
0 0.311719 0.892969 0.029687 0.039062
0 0.136719 0.746094 0.020313 0.039062
0 0.866406 0.989844 0.042188 0.020313
0 0.811719 0.222656 0.042188 0.017188
0 0.452344 0.153125 0.032813 0.031250
0 0.932813 0.151562 0.037500 0.037500
0 0.581250 0.176563 0.021875 0.046875
0 0.993750 0.963281 0.012500 0.045312
0 0.190625 0.992188 0.034375 0.015625
0 0.528125 0.993750 0.025000 0.012500
0 0.860156 0.445312 0.026562 0.018750
0 0.126562 0.964844 0.043750 0.026562
0 0.798438 0.207813 0.037500 0.018750
0 0.293750 0.003906 0.028125 0.007812
0 0.804688 0.862500 0.031250 0.037500
0 0.469531 0.049219 0.042188 0.023438
0 0.346875 0.010156 0.034375 0.020313
0 0.825000 0.839844 0.025000 0.042188
0 0.005469 0.984375 0.010937 0.031250
0 0.992969 0.123438 0.014063 0.037500
0 0.739844 0.763281 0.023438 0.035937
0 0.776563 0.360156 0.021875 0.023438
0 0.695312 0.140625 0.021875 0.040625
0 0.237500 0.466406 0.034375 0.042188
0 0.937500 0.479687 0.040625 0.037500
0 0.991406 0.264062 0.014063 0.053125
0 0.945312 0.176563 0.021875 0.025000
0 0.677344 0.164062 0.020313 0.031250
0 0.915625 0.803906 0.031250 0.026562
0 0.344531 0.918750 0.023438 0.037500
0 0.325000 0.942969 0.021875 0.026562
0 0.282031 0.664844 0.039062 0.026562
0 0.271094 0.654687 0.035937 0.025000