0 0.789844 0.986719 0.032813 0.026562
0 0.494531 0.986719 0.017188 0.026562
0 0.330469 0.973437 0.020313 0.040625
0 0.279687 0.965625 0.025000 0.050000
0 0.360938 0.938281 0.025000 0.045312
0 0.667188 0.925000 0.040625 0.031250
0 0.613281 0.921094 0.045312 0.023438
0 0.828906 0.910937 0.026562 0.040625
0 0.485156 0.893750 0.029687 0.046875
0 0.461719 0.880469 0.032813 0.035937
0 0.940625 0.872656 0.025000 0.035937
0 0.975781 0.871094 0.023438 0.048438
0 0.276562 0.861719 0.025000 0.039062
0 0.525000 0.857812 0.034375 0.034375
0 0.429688 0.835938 0.028125 0.037500
0 0.836719 0.839063 0.020313 0.046875
0 0.311719 0.810156 0.042188 0.023438
0 0.542969 0.815625 0.020313 0.050000
0 0.929688 0.798438 0.037500 0.028125
0 0.783594 0.805469 0.029687 0.042188
0 0.760938 0.802344 0.021875 0.045312
0 0.967969 0.780469 0.039062 0.032813
0 0.708594 0.760938 0.048438 0.021875
0 0.547656 0.753906 0.029687 0.039062
0 0.982812 0.746094 0.034375 0.039062
0 0.562500 0.717187 0.043750 0.031250
0 0.696094 0.710938 0.039062 0.031250
0 0.733594 0.712500 0.020313 0.040625
0 0.978906 0.685156 0.042188 0.020313
0 0.433594 0.691406 0.032813 0.042188
0 0.518750 0.684375 0.037500 0.034375
0 0.569531 0.680469 0.020313 0.042188
0 0.305469 0.672656 0.035937 0.032813
0 0.655469 0.663281 0.020313 0.020313
0 0.954688 0.660156 0.037500 0.026562
0 0.857031 0.656250 0.029687 0.043750
0 0.721094 0.621094 0.017188 0.029687
0 0.662500 0.615625 0.031250 0.031250
0 0.426563 0.607812 0.025000 0.043750
0 0.908594 0.582031 0.039062 0.026562
0 0.363281 0.590625 0.017188 0.046875
0 0.412500 0.562500 0.037500 0.021875
0 0.482031 0.527344 0.029687 0.035937
0 0.586719 0.508594 0.045312 0.023438
0 0.242188 0.503906 0.021875 0.039062
0 0.986719 0.493750 0.026562 0.025000
0 0.638281 0.469531 0.032813 0.039062
0 0.593750 0.467187 0.034375 0.040625
0 0.253125 0.443750 0.025000 0.037500
0 0.584375 0.400000 0.021875 0.043750
0 0.240625 0.367188 0.040625 0.040625
0 0.684375 0.353125 0.034375 0.021875
0 0.623437 0.344531 0.040625 0.020313
0 0.537500 0.310937 0.040625 0.021875
0 0.346094 0.317188 0.026562 0.034375
0 0.661719 0.287500 0.020313 0.043750
0 0.323437 0.282031 0.034375 0.032813
0 0.829688 0.253125 0.043750 0.021875
0 0.393750 0.245312 0.025000 0.046875
0 0.468750 0.230469 0.046875 0.032813
0 0.446094 0.217188 0.039062 0.037500
0 0.567187 0.200781 0.021875 0.020313
0 0.770312 0.181250 0.046875 0.028125
0 0.703906 0.185938 0.029687 0.037500
0 0.277344 0.153906 0.020313 0.020313
0 0.885156 0.157031 0.029687 0.035937
0 0.854688 0.165625 0.028125 0.053125
0 0.703125 0.147656 0.040625 0.020313
0 0.589844 0.150000 0.032813 0.040625
0 0.646875 0.137500 0.050000 0.018750
0 0.565625 0.134375 0.043750 0.021875
0 0.328906 0.133594 0.026562 0.035937
0 0.914844 0.128906 0.045312 0.032813
0 0.526563 0.118750 0.031250 0.025000
0 0.226562 0.107031 0.037500 0.020313
0 0.628125 0.103125 0.043750 0.025000
0 0.984375 0.103125 0.031250 0.034375
0 0.313281 0.078906 0.035937 0.045312
0 0.220312 0.069531 0.046875 0.020313
0 0.191406 0.080469 0.020313 0.029687
0 0.194531 0.103906 0.029687 0.026562
0 0.186719 0.145313 0.023438 0.043750
0 0.185156 0.235156 0.020313 0.039062
0 0.171094 0.227344 0.014063 0.035937
0 0.170313 0.302344 0.015625 0.039062
0 0.197656 0.310937 0.042188 0.021875
0 0.214844 0.338281 0.039062 0.039062
0 0.181250 0.335156 0.031250 0.029687
0 0.170313 0.346094 0.031250 0.035937
0 0.224219 0.442188 0.026562 0.043750
0 0.215625 0.502344 0.031250 0.039062
0 0.293750 0.515625 0.031250 0.021875
0 0.299219 0.539844 0.014063 0.032813
0 0.278906 0.545312 0.026562 0.021875
0 0.299219 0.587500 0.017188 0.046875
0 0.319531 0.541406 0.026562 0.020313
0 0.256250 0.551562 0.015625 0.043750
0 0.222656 0.541406 0.039062 0.032813
0 0.219531 0.567969 0.014063 0.039062
0 0.238281 0.597656 0.023438 0.032813
0 0.219531 0.603906 0.017188 0.032813
0 0.260156 0.599219 0.014063 0.042188
0 0.285156 0.602344 0.026562 0.045312
0 0.347656 0.617969 0.029687 0.035937
0 0.373437 0.635156 0.028125 0.042188
0 0.253906 0.629687 0.035937 0.018750
0 0.286719 0.640625 0.039062 0.021875
0 0.260937 0.655469 0.021875 0.032813
0 0.385937 0.067187 0.025000 0.018750
0 0.399219 0.091406 0.039062 0.023438
0 0.412500 0.150781 0.021875 0.039062
0 0.385937 0.160156 0.043750 0.020313
0 0.442969 0.151562 0.042188 0.021875
0 0.450781 0.125781 0.039062 0.026562
0 0.479687 0.128125 0.018750 0.034375
0 0.510156 0.198437 0.039062 0.028125
0 0.526563 0.224219 0.028125 0.057813
0 0.521094 0.337500 0.014063 0.012500
0 0.505469 0.364844 0.026562 0.042188
0 0.592187 0.239844 0.037500 0.023438
0 0.606250 0.235937 0.028125 0.043750
0 0.682031 0.113281 0.045312 0.020313
0 0.714063 0.071875 0.043750 0.018750
0 0.715625 0.096875 0.037500 0.025000
0 0.738281 0.110937 0.035937 0.034375
0 0.754687 0.135937 0.040625 0.015625
0 0.781250 0.122656 0.034375 0.020313
0 0.833594 0.096875 0.032813 0.034375
0 0.829688 0.068750 0.046875 0.018750
0 0.895312 0.068750 0.043750 0.028125
0 0.977344 0.070312 0.042188 0.021875
0 0.986719 0.050000 0.023438 0.015625
0 0.806250 0.300000 0.021875 0.043750
0 0.778125 0.280469 0.034375 0.032813
0 0.928125 0.313281 0.015625 0.020313
0 0.989844 0.439063 0.017188 0.031250
0 0.975000 0.459375 0.040625 0.028125
0 0.950000 0.464844 0.031250 0.042188
0 0.907031 0.463281 0.020313 0.045312
0 0.885156 0.456250 0.020313 0.037500
0 0.874219 0.453125 0.020313 0.037500
0 0.861719 0.473438 0.029687 0.043750
0 0.709375 0.376563 0.031250 0.028125
0 0.728906 0.393750 0.035937 0.031250
0 0.693750 0.400781 0.021875 0.039062
0 0.729688 0.445312 0.025000 0.040625
0 0.738281 0.472656 0.045312 0.023438
0 0.751563 0.517969 0.028125 0.039062
0 0.765625 0.513281 0.031250 0.039062
0 0.841406 0.530469 0.042188 0.029687
0 0.561719 0.442969 0.017188 0.042188
0 0.539844 0.465625 0.039062 0.018750
0 0.491406 0.463281 0.042188 0.026562
0 0.491406 0.493750 0.017188 0.031250
0 0.502344 0.490625 0.010937 0.028125
0 0.483594 0.568750 0.035937 0.028125
0 0.486719 0.594531 0.039062 0.023438
0 0.460156 0.614062 0.014063 0.028125
0 0.447656 0.619531 0.017188 0.029687
0 0.444531 0.642188 0.039062 0.028125
0 0.521094 0.710938 0.017188 0.018750
0 0.489063 0.746094 0.021875 0.039062
0 0.510938 0.763281 0.034375 0.026562
0 0.312500 0.698438 0.021875 0.043750
0 0.330469 0.687500 0.017188 0.040625
0 0.804688 0.553906 0.037500 0.026562
0 0.748437 0.592187 0.037500 0.018750
0 0.778125 0.571094 0.015625 0.032813
0 0.888281 0.644531 0.017188 0.029687
0 0.887500 0.620313 0.031250 0.021875
0 0.902344 0.602344 0.020313 0.010937
0 0.874219 0.601562 0.039062 0.025000
0 0.850781 0.600000 0.035937 0.034375
0 0.828125 0.608594 0.018750 0.023438
0 0.820312 0.589844 0.040625 0.017188
0 0.816406 0.571094 0.020313 0.020313
0 0.779687 0.613281 0.028125 0.026562
0 0.801562 0.606250 0.028125 0.021875
0 0.966406 0.609375 0.017188 0.021875
0 0.965625 0.628125 0.046875 0.018750
0 0.931250 0.685937 0.028125 0.031250
0 0.921875 0.717187 0.025000 0.043750
0 0.217188 0.692969 0.012500 0.029687
0 0.229687 0.685156 0.012500 0.035937
0 0.265625 0.690625 0.031250 0.031250
0 0.223438 0.740625 0.031250 0.028125
0 0.243750 0.714063 0.025000 0.025000
0 0.262500 0.731250 0.031250 0.031250
0 0.267969 0.753906 0.017188 0.032813
0 0.288281 0.774219 0.017188 0.039062
0 0.246875 0.762500 0.034375 0.025000
0 0.239844 0.779687 0.042188 0.028125
0 0.202344 0.810937 0.020313 0.046875
0 0.227344 0.845313 0.014063 0.046875
0 0.227344 0.890625 0.020313 0.046875
0 0.235156 0.903125 0.017188 0.046875
0 0.256250 0.924219 0.015625 0.042188
0 0.210156 0.942969 0.023438 0.042188
0 0.422656 0.950000 0.032813 0.037500
0 0.426563 0.984375 0.034375 0.028125
0 0.885156 0.823438 0.035937 0.031250
0 0.865625 0.852344 0.043750 0.035937
0 0.882031 0.868750 0.048438 0.028125
0 0.711719 0.903906 0.039062 0.020313
0 0.712500 0.932813 0.031250 0.028125
0 0.717969 0.952344 0.042188 0.020313
0 0.711719 0.978906 0.039062 0.029687
0 0.787500 0.938281 0.021875 0.039062
0 0.889062 0.973437 0.028125 0.046875
0 0.917969 0.982812 0.032813 0.025000
0 0.970313 0.925000 0.034375 0.034375
0 0.970313 0.946875 0.034375 0.034375
0 0.968750 0.975781 0.046875 0.017188
0 0.942187 0.989062 0.025000 0.018750