0 0.665625 0.992188 0.034375 0.015625
0 0.979688 0.990625 0.015625 0.018750
0 0.769531 0.988281 0.023438 0.020313
0 0.210156 0.986719 0.042188 0.023438
0 0.696875 0.985156 0.046875 0.029687
0 0.100781 0.985156 0.035937 0.029687
0 0.056250 0.984375 0.025000 0.031250
0 0.449219 0.975000 0.023438 0.015625
0 0.653125 0.963281 0.040625 0.020313
0 0.353906 0.958594 0.039062 0.023438
0 0.953125 0.960156 0.021875 0.042188
0 0.260937 0.949219 0.037500 0.020313
0 0.387500 0.945312 0.025000 0.043750
0 0.108594 0.934375 0.045312 0.025000
0 0.943750 0.925781 0.040625 0.032813
0 0.046094 0.920312 0.026562 0.025000
0 0.208594 0.875000 0.029687 0.028125
0 0.789844 0.853906 0.023438 0.042188
0 0.185938 0.839063 0.028125 0.037500
0 0.782813 0.817187 0.025000 0.025000
0 0.216406 0.821875 0.014063 0.040625
0 0.818750 0.814063 0.040625 0.031250
0 0.518750 0.800781 0.025000 0.026562
0 0.989062 0.800781 0.021875 0.042188
0 0.173437 0.796094 0.031250 0.032813
0 0.345313 0.786719 0.040625 0.020313
0 0.049219 0.785156 0.039062 0.029687
0 0.431250 0.777344 0.046875 0.023438
0 0.770312 0.783594 0.025000 0.039062
0 0.466406 0.772656 0.032813 0.039062
0 0.975000 0.757031 0.043750 0.020313
0 0.561719 0.767969 0.026562 0.042188
0 0.934375 0.754687 0.037500 0.046875
0 0.745313 0.749219 0.021875 0.039062
0 0.781250 0.735938 0.046875 0.025000
0 0.668750 0.714063 0.037500 0.034375
0 0.977344 0.703906 0.045312 0.026562
0 0.646094 0.672656 0.017188 0.042188
0 0.233594 0.657813 0.023438 0.015625
0 0.995313 0.648438 0.009375 0.034375
0 0.459375 0.639844 0.040625 0.020313
0 0.419531 0.640625 0.020313 0.034375
0 0.124219 0.633594 0.017188 0.023438
0 0.179688 0.636719 0.034375 0.035937
0 0.958594 0.636719 0.029687 0.039062
0 0.878125 0.620313 0.031250 0.037500
0 0.990625 0.607031 0.018750 0.032813
0 0.322656 0.576562 0.032813 0.018750
0 0.164844 0.582031 0.020313 0.042188
0 0.479687 0.558594 0.034375 0.039062
0 0.767188 0.555469 0.040625 0.039062
0 0.500781 0.532813 0.032813 0.018750
0 0.385937 0.523438 0.031250 0.040625
0 0.867188 0.517969 0.018750 0.045312
0 0.260156 0.502344 0.026562 0.048438
0 0.886719 0.482031 0.048438 0.023438
0 0.673438 0.482812 0.025000 0.028125
0 0.212500 0.483594 0.028125 0.039062
0 0.400000 0.472656 0.040625 0.020313
0 0.983594 0.475781 0.032813 0.032813
0 0.548438 0.459375 0.031250 0.040625
0 0.371094 0.446875 0.048438 0.021875
0 0.460938 0.463281 0.028125 0.057813
0 0.318750 0.410938 0.021875 0.043750
0 0.639062 0.406250 0.034375 0.037500
0 0.987500 0.396875 0.025000 0.021875
0 0.489063 0.382812 0.034375 0.025000
0 0.178906 0.375781 0.032813 0.020313
0 0.907813 0.331250 0.043750 0.021875
0 0.167187 0.341406 0.025000 0.045312
0 0.440625 0.305469 0.046875 0.026562
0 0.307812 0.289844 0.043750 0.029687
0 0.435156 0.262500 0.048438 0.034375
0 0.992188 0.225781 0.015625 0.029687
0 0.482031 0.228125 0.023438 0.043750
0 0.057031 0.207813 0.023438 0.034375
0 0.907813 0.201563 0.025000 0.040625
0 0.473438 0.177344 0.040625 0.017188
0 0.400781 0.175000 0.020313 0.043750
0 0.111719 0.159375 0.039062 0.021875
0 0.212500 0.150000 0.040625 0.021875
0 0.649219 0.149219 0.039062 0.029687
0 0.442188 0.142187 0.028125 0.040625
0 0.970313 0.128125 0.028125 0.031250
0 0.310156 0.119531 0.048438 0.023438
0 0.121094 0.116406 0.020313 0.042188
0 0.447656 0.060156 0.035937 0.020313
0 0.939063 0.029687 0.021875 0.046875
0 0.582812 0.021875 0.040625 0.031250
0 0.989062 0.019531 0.021875 0.039062
0 0.903906 0.012500 0.023438 0.025000
0 0.090625 0.069531 0.025000 0.045312
0 0.082031 0.089844 0.032813 0.032813
0 0.082031 0.128906 0.014063 0.039062
0 0.064844 0.107813 0.026562 0.028125
0 0.059375 0.131250 0.028125 0.018750
0 0.039844 0.121875 0.023438 0.028125
0 0.035156 0.085938 0.020313 0.043750
0 0.032813 0.053906 0.040625 0.029687
0 0.012500 0.069531 0.021875 0.051562
0 0.250781 0.020313 0.042188 0.040625
0 0.287500 0.015625 0.046875 0.018750
0 0.085156 0.223438 0.020313 0.040625
0 0.104688 0.258594 0.046875 0.039062
0 0.065625 0.247656 0.040625 0.020313
0 0.221094 0.253906 0.045312 0.020313
0 0.257812 0.279687 0.043750 0.031250
0 0.389844 0.306250 0.042188 0.015625
0 0.372656 0.293750 0.039062 0.031250
0 0.257031 0.360938 0.026562 0.050000
0 0.272656 0.385156 0.029687 0.029687
0 0.150781 0.391406 0.023438 0.039062
0 0.137500 0.397656 0.021875 0.020313
0 0.135937 0.485938 0.031250 0.031250
0 0.156250 0.463281 0.025000 0.042188
0 0.032031 0.455469 0.023438 0.042188
0 0.026562 0.496094 0.015625 0.045312
0 0.017188 0.532031 0.025000 0.023438
0 0.067969 0.614062 0.039062 0.028125
0 0.098437 0.631250 0.031250 0.034375
0 0.110937 0.663281 0.050000 0.026562
0 0.004687 0.810937 0.009375 0.043750
0 0.027344 0.732812 0.029687 0.034375
0 0.043750 0.738281 0.018750 0.035937
0 0.074219 0.729688 0.035937 0.021875
0 0.047656 0.688281 0.039062 0.017188
0 0.062500 0.647656 0.034375 0.020313
0 0.078906 0.671094 0.035937 0.032813
0 0.075000 0.691406 0.018750 0.039062
0 0.057031 0.702344 0.026562 0.029687
0 0.035937 0.544531 0.025000 0.020313
0 0.221094 0.571875 0.020313 0.040625
0 0.235156 0.551562 0.023438 0.043750
0 0.213281 0.592969 0.020313 0.032813
0 0.310937 0.536719 0.034375 0.032813
0 0.297656 0.507812 0.032813 0.028125
0 0.286719 0.467969 0.020313 0.039062
0 0.459375 0.532031 0.031250 0.029687
0 0.433594 0.521875 0.035937 0.031250
0 0.415625 0.410938 0.034375 0.040625
0 0.423438 0.383594 0.031250 0.035937
0 0.390625 0.346094 0.028125 0.042188
0 0.364063 0.353125 0.034375 0.028125
0 0.325000 0.350000 0.037500 0.025000
0 0.331250 0.371875 0.043750 0.028125
0 0.373437 0.398438 0.028125 0.040625
0 0.359375 0.373437 0.028125 0.021875
0 0.417187 0.062500 0.025000 0.018750
0 0.417187 0.042188 0.034375 0.037500
0 0.364844 0.014063 0.026562 0.028125
0 0.341406 0.006250 0.039062 0.012500
0 0.556250 0.091406 0.025000 0.048438
0 0.561719 0.127344 0.032813 0.032813
0 0.538281 0.130469 0.017188 0.029687
0 0.600000 0.199219 0.043750 0.032813
0 0.576562 0.242969 0.028125 0.039062
0 0.596875 0.071875 0.043750 0.021875
0 0.621875 0.084375 0.037500 0.040625
0 0.639062 0.041406 0.037500 0.029687
0 0.624219 0.027344 0.042188 0.023438
0 0.676562 0.058594 0.025000 0.035937
0 0.673438 0.087500 0.025000 0.037500
0 0.714844 0.146094 0.039062 0.039062
0 0.760938 0.228125 0.021875 0.046875
0 0.791406 0.271094 0.035937 0.039062
0 0.809375 0.221875 0.028125 0.046875
0 0.828906 0.237500 0.032813 0.031250
0 0.900000 0.269531 0.028125 0.048438
0 0.937500 0.277344 0.046875 0.029687
0 0.897656 0.155469 0.023438 0.039062
0 0.909375 0.118750 0.034375 0.021875
0 0.911719 0.081250 0.042188 0.034375
0 0.889844 0.064062 0.020313 0.040625
0 0.877344 0.087500 0.023438 0.043750
0 0.942187 0.086719 0.031250 0.039062
0 0.914844 0.159375 0.026562 0.031250
0 0.963281 0.539062 0.045312 0.025000
0 0.925781 0.548438 0.023438 0.043750
0 0.960938 0.572656 0.043750 0.029687
0 0.957031 0.557031 0.035937 0.017188
0 0.855469 0.571875 0.035937 0.021875
0 0.836719 0.592969 0.029687 0.035937
0 0.814063 0.570312 0.046875 0.025000
0 0.938281 0.456250 0.026562 0.021875
0 0.914062 0.457031 0.025000 0.017188
0 0.921094 0.438281 0.029687 0.020313
0 0.936719 0.417969 0.026562 0.035937
0 0.665625 0.528906 0.015625 0.045312
0 0.650781 0.544531 0.017188 0.045312
0 0.585938 0.356250 0.037500 0.021875
0 0.594531 0.328906 0.029687 0.029687
0 0.565625 0.714844 0.034375 0.029687
0 0.520312 0.681250 0.028125 0.043750
0 0.478125 0.683594 0.031250 0.035937
0 0.477344 0.709375 0.045312 0.018750
0 0.492969 0.728906 0.026562 0.032813
0 0.552344 0.680469 0.035937 0.029687
0 0.590625 0.843750 0.037500 0.037500
0 0.634375 0.860156 0.056250 0.026562
0 0.691406 0.873437 0.026562 0.037500
0 0.716406 0.892188 0.039062 0.034375
0 0.647656 0.906250 0.054688 0.021875
0 0.617969 0.881250 0.048438 0.018750
0 0.615625 0.910937 0.034375 0.040625
0 0.577344 0.901563 0.029687 0.046875
0 0.828125 0.878125 0.031250 0.031250
0 0.851562 0.879687 0.031250 0.046875
0 0.881250 0.911719 0.034375 0.048438
0 0.902344 0.842187 0.045312 0.018750
0 0.928125 0.820312 0.037500 0.031250
0 0.882031 0.963281 0.029687 0.042188
0 0.861719 0.943750 0.042188 0.021875
0 0.842969 0.920312 0.029687 0.037500
0 0.811719 0.925000 0.045312 0.021875
0 0.796094 0.905469 0.048438 0.023438
0 0.580469 0.967187 0.035937 0.025000
0 0.603906 0.979688 0.026562 0.025000
0 0.331250 0.967187 0.028125 0.040625
0 0.294531 0.871875 0.032813 0.031250
0 0.293750 0.850781 0.021875 0.029687
0 0.285156 0.828906 0.017188 0.039062
0 0.289844 0.789844 0.039062 0.029687
0 0.302344 0.754687 0.023438 0.050000
0 0.237500 0.871094 0.025000 0.045312
0 0.239063 0.833594 0.015625 0.045312
0 0.107813 0.835156 0.025000 0.032813
0 0.107813 0.807031 0.043750 0.020313
0 0.182031 0.934375 0.042188 0.031250
0 0.214844 0.928906 0.035937 0.029687
0 0.219531 0.955469 0.035937 0.032813
0 0.017969 0.915625 0.020313 0.034375
0 0.284375 0.979688 0.040625 0.018750
0 0.257812 0.991406 0.034375 0.014063