0 0.897656 0.704688 0.048438 0.031250
0 0.176563 0.433594 0.037500 0.035937
0 0.852344 0.828906 0.032813 0.035937
0 0.971094 0.413281 0.032813 0.039062
0 0.267188 0.128906 0.037500 0.035937
0 0.905469 0.352344 0.039062 0.042188
0 0.432031 0.218750 0.026562 0.040625
0 0.073438 0.477344 0.040625 0.032813
0 0.927344 0.665625 0.023438 0.037500
0 0.933594 0.335156 0.039062 0.039062
0 0.868750 0.024219 0.046875 0.029687
0 0.200000 0.210938 0.031250 0.040625
0 0.169531 0.378906 0.032813 0.048438
0 0.050781 0.603125 0.042188 0.028125
0 0.433594 0.752344 0.026562 0.051562
0 0.267188 0.465625 0.043750 0.031250
0 0.849219 0.603125 0.045312 0.025000
0 0.081250 0.446094 0.043750 0.020313
0 0.428125 0.610156 0.034375 0.048438
0 0.298438 0.646094 0.034375 0.032813
0 0.915625 0.609375 0.040625 0.043750
0 0.163281 0.719531 0.035937 0.035937
0 0.958594 0.736719 0.045312 0.029687
0 0.845313 0.256250 0.021875 0.056250
0 0.310156 0.786719 0.045312 0.020313
0 0.793750 0.575000 0.040625 0.034375
0 0.739062 0.974219 0.031250 0.045312
0 0.395313 0.850000 0.034375 0.021875
0 0.017188 0.895312 0.031250 0.037500
0 0.444531 0.431250 0.026562 0.040625
0 0.425781 0.462500 0.035937 0.034375
0 0.276562 0.777344 0.037500 0.042188
0 0.764062 0.901563 0.046875 0.028125
0 0.225000 0.159375 0.021875 0.043750
0 0.402344 0.649219 0.020313 0.051562
0 0.379688 0.367188 0.031250 0.037500
0 0.982031 0.352344 0.035937 0.051562
0 0.025781 0.535156 0.032813 0.045312
0 0.803906 0.608594 0.045312 0.029687
0 0.459375 0.709375 0.040625 0.031250
0 0.066406 0.030469 0.039062 0.017188
0 0.049219 0.247656 0.035937 0.035937
0 0.373437 0.955469 0.028125 0.042188
0 0.363281 0.473438 0.029687 0.034375
0 0.928125 0.757031 0.028125 0.048438
0 0.207813 0.118750 0.021875 0.046875
0 0.392969 0.472656 0.029687 0.042188
0 0.389844 0.346094 0.026562 0.039062
0 0.187500 0.089844 0.025000 0.042188
0 0.336719 0.980469 0.042188 0.032813
0 0.956250 0.021094 0.046875 0.020313
0 0.938281 0.961719 0.039062 0.029687
0 0.210156 0.660156 0.026562 0.039062
0 0.307812 0.721094 0.031250 0.051562
0 0.355469 0.114844 0.023438 0.045312
0 0.757031 0.431250 0.048438 0.028125
0 0.956250 0.101562 0.034375 0.028125
0 0.221094 0.703906 0.032813 0.039062
0 0.908594 0.091406 0.029687 0.042188
0 0.290625 0.514844 0.025000 0.048438
0 0.374219 0.582031 0.026562 0.029687
0 0.186719 0.710156 0.032813 0.042188
0 0.465625 0.257031 0.018750 0.051562
0 0.303906 0.421875 0.039062 0.037500
0 0.761719 0.464844 0.029687 0.045312
0 0.449219 0.354687 0.042188 0.025000
0 0.012500 0.862500 0.025000 0.025000
0 0.989844 0.750781 0.020313 0.042188
0 0.438281 0.010937 0.032813 0.021875
0 0.318750 0.531250 0.025000 0.050000
0 0.340625 0.481250 0.025000 0.050000
0 0.726562 0.215625 0.021875 0.043750
0 0.079687 0.195312 0.043750 0.021875
0 0.339062 0.542969 0.028125 0.048438
0 0.129688 0.167187 0.046875 0.021875
0 0.411719 0.333594 0.020313 0.051562
0 0.778906 0.293750 0.026562 0.043750
0 0.925781 0.492969 0.032813 0.039062
0 0.068750 0.935156 0.025000 0.042188
0 0.278125 0.538281 0.021875 0.042188
0 0.736719 0.610156 0.017188 0.048438
0 0.046875 0.871875 0.046875 0.018750
0 0.014063 0.228125 0.028125 0.025000
0 0.232813 0.688281 0.031250 0.035937
0 0.025781 0.316406 0.026562 0.039062
0 0.271094 0.006250 0.039062 0.012500
0 0.964063 0.966406 0.043750 0.032813
0 0.985938 0.932031 0.028125 0.039062
0 0.278906 0.978906 0.032813 0.035937
0 0.725781 0.276562 0.020313 0.050000
0 0.413281 0.497656 0.020313 0.039062
0 0.966406 0.776563 0.029687 0.031250
0 0.310937 0.447656 0.034375 0.054688
0 0.022656 0.351562 0.020313 0.043750
0 0.064062 0.981250 0.021875 0.034375
0 0.899219 0.557031 0.029687 0.035937
0 0.330469 0.590625 0.020313 0.043750
0 0.069531 0.223438 0.039062 0.034375
0 0.762500 0.164062 0.040625 0.021875
0 0.908594 0.883594 0.020313 0.039062
0 0.458594 0.534375 0.020313 0.040625
0 0.366406 0.990625 0.048438 0.018750
0 0.165625 0.685156 0.018750 0.045312
0 0.959375 0.584375 0.053125 0.021875
0 0.097656 0.157812 0.032813 0.028125
0 0.895312 0.051562 0.021875 0.043750
0 0.010156 0.525000 0.020313 0.021875
0 0.730469 0.030469 0.023438 0.054688
0 0.162500 0.994531 0.028125 0.010937
0 0.457813 0.488281 0.021875 0.048438
0 0.919531 0.908594 0.035937 0.023438
0 0.319531 0.619531 0.029687 0.039062
0 0.729688 0.731250 0.021875 0.040625
0 0.210156 0.054688 0.023438 0.031250
0 0.724219 0.866406 0.026562 0.048438
0 0.030469 0.285938 0.032813 0.021875
0 0.961719 0.803125 0.029687 0.043750
0 0.082812 0.920312 0.018750 0.037500
0 0.417969 0.969531 0.014063 0.026562
0 0.758594 0.592187 0.023438 0.046875
0 0.311719 0.202344 0.020313 0.042188
0 0.911719 0.536719 0.023438 0.054688
0 0.370312 0.888281 0.046875 0.023438
0 0.388281 0.098437 0.039062 0.037500
0 0.762500 0.745313 0.021875 0.043750
0 0.317969 0.245312 0.020313 0.043750
0 0.146094 0.083594 0.023438 0.032813
0 0.067969 0.511719 0.023438 0.039062
0 0.385937 0.123438 0.025000 0.040625
0 0.769531 0.615625 0.020313 0.034375
0 0.284375 0.214844 0.034375 0.035937
0 0.992969 0.575000 0.014063 0.031250
0 0.741406 0.862500 0.029687 0.037500
0 0.075000 0.531250 0.018750 0.040625
0 0.825000 0.445312 0.031250 0.037500
0 0.280469 0.160156 0.017188 0.023438
0 0.258594 0.978125 0.032813 0.025000
0 0.740625 0.177344 0.031250 0.035937
0 0.339844 0.868750 0.026562 0.025000
0 0.435156 0.048438 0.020313 0.012500
0 0.265625 0.956250 0.034375 0.031250
0 0.076563 0.799219 0.012500 0.017188
0 0.982812 0.810937 0.018750 0.040625
0 0.328125 0.890625 0.034375 0.021875
0 0.322656 0.903906 0.035937 0.023438
0 0.871875 0.995313 0.034375 0.009375
0 0.025000 0.058594 0.018750 0.017188
0 0.953125 0.625781 0.012500 0.020313
0 0.004687 0.607812 0.009375 0.018750
0 0.746875 0.211719 0.021875 0.039062
0 0.170313 0.155469 0.034375 0.020313
0 0.287500 0.196875 0.021875 0.031250
0 0.788281 0.967969 0.020313 0.017188
0 0.763281 0.714844 0.023438 0.029687