0 0.839844 0.280469 0.035937 0.029687
0 0.539062 0.206250 0.040625 0.028125
0 0.804688 0.154688 0.040625 0.021875
0 0.676562 0.152344 0.046875 0.023438
0 0.200781 0.297656 0.035937 0.029687
0 0.364063 0.941406 0.037500 0.032813
0 0.071094 0.385156 0.035937 0.035937
0 0.466406 0.246875 0.032813 0.028125
0 0.432812 0.307812 0.021875 0.043750
0 0.677344 0.065625 0.039062 0.031250
0 0.279687 0.133594 0.040625 0.020313
0 0.289062 0.793750 0.037500 0.034375
0 0.124219 0.468750 0.032813 0.031250
0 0.636719 0.042188 0.045312 0.021875
0 0.560937 0.625000 0.034375 0.034375
0 0.753125 0.215625 0.037500 0.034375
0 0.649219 0.692969 0.045312 0.023438
0 0.109375 0.430469 0.021875 0.029687
0 0.583594 0.122656 0.029687 0.042188
0 0.910937 0.835156 0.043750 0.023438
0 0.642188 0.571094 0.031250 0.039062
0 0.396875 0.254688 0.037500 0.034375
0 0.518750 0.689063 0.018750 0.050000
0 0.686719 0.927344 0.045312 0.026562
0 0.714063 0.553125 0.028125 0.043750
0 0.211719 0.486719 0.032813 0.042188
0 0.296094 0.735156 0.045312 0.023438
0 0.673438 0.667969 0.046875 0.020313
0 0.767969 0.418750 0.032813 0.050000
0 0.064062 0.867969 0.031250 0.032813
0 0.468750 0.168750 0.034375 0.028125
0 0.053906 0.476562 0.029687 0.031250
0 0.167969 0.705469 0.035937 0.042188
0 0.904687 0.873437 0.034375 0.040625
0 0.288281 0.516406 0.035937 0.029687
0 0.989844 0.512500 0.020313 0.043750
0 0.735156 0.889844 0.045312 0.026562
0 0.788281 0.317188 0.045312 0.018750
0 0.477344 0.891406 0.020313 0.051562
0 0.916406 0.295312 0.026562 0.037500
0 0.869531 0.227344 0.048438 0.023438
0 0.612500 0.543750 0.050000 0.021875
0 0.581250 0.588281 0.046875 0.020313
0 0.751563 0.063281 0.025000 0.020313
0 0.654687 0.790625 0.018750 0.046875
0 0.982812 0.974219 0.031250 0.045312
0 0.037500 0.714844 0.037500 0.042188
0 0.205469 0.261719 0.039062 0.023438
0 0.985938 0.586719 0.025000 0.045312
0 0.561719 0.714844 0.035937 0.029687
0 0.796875 0.181250 0.046875 0.018750
0 0.571875 0.539844 0.028125 0.048438
0 0.368750 0.299219 0.040625 0.029687
0 0.135156 0.383594 0.029687 0.042188
0 0.351562 0.070312 0.028125 0.037500
0 0.264062 0.458594 0.034375 0.035937
0 0.166406 0.399219 0.026562 0.039062
0 0.032031 0.292969 0.039062 0.020313
0 0.853125 0.900781 0.040625 0.035937
0 0.908594 0.542188 0.048438 0.021875
0 0.885156 0.257031 0.045312 0.032813
0 0.850781 0.400781 0.045312 0.020313
0 0.910937 0.646875 0.037500 0.034375
0 0.986719 0.891406 0.023438 0.023438
0 0.227344 0.224219 0.039062 0.029687
0 0.245312 0.306250 0.031250 0.034375
0 0.249219 0.373437 0.032813 0.028125
0 0.317969 0.264062 0.023438 0.046875
0 0.346094 0.271875 0.029687 0.040625
0 0.710938 0.753125 0.021875 0.046875
0 0.351562 0.801562 0.031250 0.034375
0 0.596875 0.565625 0.040625 0.025000
0 0.880469 0.580469 0.020313 0.045312
0 0.394531 0.789844 0.029687 0.045312
0 0.129688 0.813281 0.037500 0.029687
0 0.960938 0.695312 0.040625 0.028125
0 0.703125 0.200000 0.031250 0.025000
0 0.342187 0.035937 0.040625 0.025000
0 0.225000 0.747656 0.037500 0.020313
0 0.060937 0.235156 0.018750 0.042188
0 0.083594 0.714844 0.032813 0.029687
0 0.595313 0.842969 0.028125 0.039062
0 0.403906 0.964844 0.042188 0.020313
0 0.479687 0.105469 0.037500 0.023438
0 0.911719 0.927344 0.042188 0.020313
0 0.366406 0.848437 0.039062 0.021875
0 0.614062 0.253906 0.043750 0.020313
0 0.764844 0.728125 0.026562 0.053125
0 0.029687 0.835156 0.034375 0.026562
0 0.657031 0.297656 0.035937 0.032813
0 0.439063 0.844531 0.034375 0.029687
0 0.217188 0.637500 0.012500 0.018750
0 0.792969 0.760938 0.035937 0.040625
0 0.807813 0.473438 0.018750 0.043750
0 0.403906 0.685156 0.020313 0.051562
0 0.436719 0.656250 0.051562 0.028125
0 0.385937 0.453125 0.037500 0.021875
0 0.087500 0.509375 0.018750 0.043750
0 0.285938 0.286719 0.025000 0.045312
0 0.939844 0.524219 0.023438 0.048438
0 0.310937 0.453906 0.040625 0.039062
0 0.888281 0.288281 0.032813 0.035937
0 0.178906 0.868750 0.029687 0.028125
0 0.290625 0.477344 0.021875 0.039062
0 0.563281 0.738281 0.042188 0.026562
0 0.252344 0.771875 0.032813 0.021875
0 0.444531 0.553906 0.039062 0.020313
0 0.227344 0.196094 0.039062 0.023438
0 0.285156 0.185938 0.035937 0.021875
0 0.242969 0.256250 0.039062 0.018750
0 0.904687 0.685156 0.021875 0.045312
0 0.259375 0.196094 0.021875 0.045312
0 0.322656 0.982031 0.020313 0.035937
0 0.231250 0.292187 0.034375 0.037500
0 0.438281 0.986719 0.035937 0.023438
0 0.335156 0.303125 0.026562 0.043750
0 0.153906 0.916406 0.032813 0.035937
0 0.025000 0.460938 0.015625 0.040625
0 0.373437 0.889844 0.028125 0.032813
0 0.807813 0.704688 0.028125 0.043750
0 0.417187 0.445312 0.031250 0.046875
0 0.941406 0.576562 0.035937 0.040625
0 0.601562 0.319531 0.043750 0.020313
0 0.370312 0.776563 0.028125 0.034375
0 0.978125 0.157031 0.018750 0.029687
0 0.336719 0.496094 0.045312 0.023438
0 0.745313 0.125000 0.025000 0.028125
0 0.918750 0.621094 0.021875 0.042188
0 0.063281 0.560937 0.017188 0.043750
0 0.908594 0.208594 0.026562 0.042188
0 0.419531 0.539844 0.026562 0.045312
0 0.955469 0.196094 0.029687 0.042188
0 0.725781 0.861719 0.045312 0.020313
0 0.082812 0.570312 0.021875 0.053125
0 0.349219 0.476562 0.042188 0.021875
0 0.057813 0.700781 0.015625 0.042188
0 0.934375 0.205469 0.031250 0.026562
0 0.411719 0.846094 0.020313 0.039062
0 0.048438 0.800000 0.018750 0.050000
0 0.325000 0.845313 0.025000 0.018750
0 0.325000 0.513281 0.043750 0.017188
0 0.030469 0.015625 0.032813 0.031250
0 0.866406 0.718750 0.039062 0.037500
0 0.013281 0.034375 0.026562 0.021875
0 0.060156 0.046094 0.032813 0.032813
0 0.494531 0.148438 0.045312 0.018750
0 0.599219 0.649219 0.017188 0.014063
0 0.962500 0.165625 0.025000 0.040625
0 0.410938 0.472656 0.018750 0.035937
0 0.971094 0.623437 0.029687 0.031250
0 0.625000 0.373437 0.028125 0.018750
0 0.992188 0.190625 0.015625 0.021875
0 0.113281 0.750000 0.042188 0.025000
0 0.910156 0.564063 0.048438 0.021875
0 0.903125 0.493750 0.021875 0.056250
0 0.159375 0.950781 0.025000 0.035937
0 0.318750 0.046094 0.025000 0.035937
0 0.647656 0.262500 0.035937 0.028125
0 0.492188 0.131250 0.040625 0.018750
0 0.127344 0.880469 0.029687 0.017188
0 0.153125 0.881250 0.031250 0.031250
0 0.294531 0.982031 0.023438 0.032813
0 0.175781 0.916406 0.017188 0.045312
0 0.067187 0.057031 0.028125 0.035937
0 0.821094 0.006250 0.020313 0.012500
0 0.028125 0.082031 0.034375 0.032813
0 0.039844 0.121094 0.017188 0.042188
0 0.281250 0.970313 0.025000 0.053125
0 0.792969 0.009375 0.020313 0.018750
0 0.421875 0.939844 0.034375 0.029687
0 0.677344 0.571094 0.023438 0.054688
0 0.685937 0.250000 0.037500 0.021875
0 0.452344 0.950000 0.042188 0.018750
0 0.825000 0.729688 0.034375 0.018750
0 0.084375 0.452344 0.018750 0.023438
0 0.462500 0.978906 0.025000 0.039062
0 0.423438 0.003906 0.018750 0.007812
0 0.674219 0.840625 0.014063 0.015625
0 0.100781 0.786719 0.023438 0.048438
0 0.728906 0.994531 0.020313 0.010937
0 0.342187 0.867188 0.053125 0.021875
0 0.281250 0.377344 0.021875 0.048438
0 0.037500 0.993750 0.021875 0.012500
0 0.371094 0.052344 0.023438 0.020313
0 0.931250 0.961719 0.028125 0.020313
0 0.310156 0.321094 0.023438 0.020313
0 0.046875 0.587500 0.015625 0.021875
0 0.717187 0.871094 0.046875 0.017188
0 0.663281 0.275000 0.023438 0.021875
0 0.160156 0.975000 0.023438 0.031250
0 0.918750 0.950781 0.034375 0.023438
0 0.262500 0.276562 0.018750 0.025000
0 0.628906 0.311719 0.020313 0.032813
0 0.066406 0.614062 0.026562 0.046875
0 0.041406 0.623437 0.029687 0.028125
0 0.142969 0.959375 0.020313 0.043750