0 0.102344 0.073438 0.023438 0.040625
0 0.590625 0.864062 0.034375 0.034375
0 0.474219 0.577344 0.035937 0.035937
0 0.327344 0.548438 0.032813 0.040625
0 0.435937 0.392969 0.031250 0.042188
0 0.130469 0.105469 0.045312 0.029687
0 0.170313 0.557813 0.037500 0.040625
0 0.383594 0.634375 0.045312 0.028125
0 0.289844 0.923438 0.045312 0.031250
0 0.194531 0.353125 0.020313 0.043750
0 0.466406 0.775781 0.032813 0.035937
0 0.614844 0.118750 0.045312 0.031250
0 0.331250 0.278125 0.043750 0.025000
0 0.594531 0.754687 0.020313 0.046875
0 0.049219 0.132812 0.039062 0.031250
0 0.588281 0.448437 0.039062 0.021875
0 0.203125 0.214062 0.053125 0.025000
0 0.207031 0.058594 0.026562 0.045312
0 0.138281 0.624219 0.029687 0.045312
0 0.145313 0.712500 0.050000 0.034375
0 0.387500 0.412500 0.034375 0.040625
0 0.118750 0.495312 0.034375 0.037500
0 0.553906 0.382812 0.032813 0.043750
0 0.089063 0.364844 0.037500 0.023438
0 0.012500 0.192188 0.025000 0.040625
0 0.032813 0.823438 0.037500 0.025000
0 0.475000 0.281250 0.018750 0.043750
0 0.018750 0.669531 0.037500 0.029687
0 0.357031 0.182031 0.032813 0.035937
0 0.233594 0.042188 0.039062 0.037500
0 0.036719 0.936719 0.023438 0.054688
0 0.536719 0.164062 0.032813 0.050000
0 0.275781 0.045312 0.026562 0.040625
0 0.470313 0.974219 0.043750 0.035937
0 0.033594 0.571094 0.023438 0.045312
0 0.654687 0.029687 0.046875 0.025000
0 0.247656 0.732031 0.020313 0.048438
0 0.236719 0.377344 0.045312 0.032813
0 0.657813 0.120313 0.028125 0.050000
0 0.027344 0.021875 0.029687 0.043750
0 0.532031 0.008594 0.042188 0.017188
0 0.077344 0.716406 0.039062 0.032813
0 0.302344 0.964063 0.048438 0.018750
0 0.142969 0.760156 0.039062 0.039062
0 0.082031 0.592187 0.045312 0.018750
0 0.118750 0.570312 0.046875 0.018750
0 0.194531 0.013281 0.039062 0.026562
0 0.627344 0.147656 0.045312 0.026562
0 0.517188 0.353125 0.040625 0.018750
0 0.034375 0.405469 0.021875 0.048438
0 0.016406 0.507812 0.032813 0.028125
0 0.353125 0.449219 0.040625 0.026562
0 0.141406 0.257812 0.039062 0.034375
0 0.595313 0.171875 0.021875 0.043750
0 0.279687 0.311719 0.021875 0.054688
0 0.102344 0.153125 0.023438 0.043750
0 0.460938 0.102344 0.025000 0.026562
0 0.054688 0.684375 0.050000 0.031250
0 0.371875 0.898438 0.034375 0.021875
0 0.713281 0.223438 0.039062 0.040625
0 0.385937 0.957812 0.021875 0.050000
0 0.677344 0.010937 0.029687 0.021875
0 0.723437 0.195312 0.040625 0.040625
0 0.647656 0.241406 0.039062 0.035937
0 0.407813 0.855469 0.034375 0.035937
0 0.571094 0.216406 0.048438 0.020313
0 0.335938 0.361719 0.046875 0.020313
0 0.614062 0.955469 0.031250 0.042188
0 0.308594 0.082812 0.023438 0.043750
0 0.350000 0.390625 0.034375 0.040625
0 0.118750 0.171875 0.025000 0.043750
0 0.432031 0.219531 0.023438 0.045312
0 0.389062 0.008594 0.046875 0.017188
0 0.325000 0.442969 0.031250 0.051562
0 0.486719 0.037500 0.048438 0.018750
0 0.165625 0.157812 0.034375 0.031250
0 0.543750 0.960156 0.025000 0.042188
0 0.356250 0.835938 0.028125 0.043750
0 0.381250 0.784375 0.037500 0.025000
0 0.559375 0.328125 0.050000 0.025000
0 0.415625 0.888281 0.037500 0.032813
0 0.510156 0.971875 0.039062 0.031250
0 0.700000 0.060937 0.043750 0.025000
0 0.696094 0.969531 0.020313 0.045312
0 0.303125 0.118750 0.050000 0.025000
0 0.610156 0.610938 0.042188 0.025000
0 0.499219 0.065625 0.026562 0.040625
0 0.545312 0.301563 0.046875 0.021875
0 0.639844 0.614844 0.017188 0.042188
0 0.560156 0.578906 0.026562 0.020313
0 0.378125 0.825781 0.050000 0.023438
0 0.646875 0.961719 0.018750 0.045312
0 0.457031 0.028125 0.032813 0.034375
0 0.123438 0.301563 0.021875 0.043750
0 0.484375 0.499219 0.018750 0.045312
0 0.332813 0.818750 0.018750 0.031250
0 0.006250 0.857812 0.012500 0.025000
0 0.602344 0.225781 0.020313 0.045312
0 0.413281 0.225000 0.023438 0.050000
0 0.684375 0.257812 0.021875 0.040625
0 0.150000 0.288281 0.037500 0.029687
0 0.358594 0.769531 0.026562 0.042188
0 0.569531 0.087500 0.020313 0.021875
0 0.623437 0.199219 0.021875 0.048438
0 0.585938 0.061719 0.018750 0.017188
0 0.595313 0.338281 0.043750 0.026562
0 0.571875 0.250000 0.037500 0.025000
0 0.663281 0.310156 0.035937 0.017188
0 0.688281 0.078906 0.023438 0.032813
0 0.741406 0.237500 0.017188 0.046875
0 0.640625 0.669531 0.025000 0.042188
0 0.716406 0.385156 0.020313 0.045312
0 0.178125 0.479687 0.025000 0.046875
0 0.621875 0.578125 0.018750 0.046875
0 0.441406 0.899219 0.020313 0.042188
0 0.509375 0.300000 0.015625 0.021875
0 0.248438 0.573438 0.031250 0.031250
0 0.377344 0.283594 0.026562 0.045312
0 0.696875 0.392188 0.021875 0.050000
0 0.355469 0.796875 0.045312 0.021875
0 0.261719 0.148438 0.020313 0.025000
0 0.396094 0.271875 0.020313 0.040625
0 0.643750 0.217969 0.028125 0.017188
0 0.621094 0.934375 0.023438 0.028125
0 0.438281 0.995313 0.042188 0.009375
0 0.509375 0.993750 0.040625 0.009375
0 0.159375 0.489063 0.021875 0.025000
0 0.712500 0.092188 0.018750 0.015625
0 0.250000 0.551562 0.028125 0.037500
0 0.008594 0.992969 0.017188 0.010937
0 0.741406 0.167187 0.020313 0.046875
0 0.004687 0.032031 0.009375 0.023438
0 0.682031 0.394531 0.014063 0.017188
0 0.557813 0.995313 0.025000 0.009375
0 0.003125 0.480469 0.006250 0.039062
0 0.499219 0.761719 0.014063 0.032813
0 0.223438 0.961719 0.034375 0.039062
0 0.221094 0.945312 0.032813 0.037500
0 0.168750 0.179688 0.043750 0.018750
0 0.433594 0.023438 0.032813 0.028125
0 0.421875 0.018750 0.028125 0.034375
0 0.728125 0.099219 0.021875 0.045312
0 0.744531 0.094531 0.017188 0.045312
0 0.694531 0.243750 0.023438 0.050000
0 0.534375 0.235156 0.046875 0.026562
0 0.585156 0.296875 0.035937 0.021875
0 0.610938 0.306250 0.021875 0.025000
0 0.630469 0.288281 0.032813 0.042188
0 0.467969 0.489063 0.017188 0.028125
0 0.659375 0.662500 0.018750 0.021875
0 0.664844 0.641406 0.039062 0.014063
0 0.678906 0.681250 0.026562 0.034375
0 0.209375 0.991406 0.018750 0.014063
0 0.251563 0.562500 0.028125 0.018750