0 0.507812 0.989844 0.018750 0.020313
0 0.093750 0.978125 0.046875 0.043750
0 0.061719 0.964844 0.035937 0.029687
0 0.289844 0.960156 0.048438 0.029687
0 0.224219 0.958594 0.032813 0.026562
0 0.141406 0.957812 0.039062 0.025000
0 0.599219 0.942187 0.039062 0.025000
0 0.179688 0.942187 0.021875 0.040625
0 0.428125 0.928906 0.025000 0.042188
0 0.266406 0.925781 0.023438 0.035937
0 0.121094 0.880469 0.045312 0.023438
0 0.687500 0.874219 0.034375 0.035937
0 0.513281 0.871875 0.042188 0.031250
0 0.342969 0.859375 0.045312 0.028125
0 0.843750 0.823438 0.040625 0.025000
0 0.519531 0.830469 0.020313 0.042188
0 0.548438 0.825000 0.034375 0.040625
0 0.745313 0.814063 0.050000 0.031250
0 0.132031 0.796875 0.023438 0.031250
0 0.471094 0.798438 0.032813 0.040625
0 0.302344 0.767969 0.042188 0.026562
0 0.410156 0.767188 0.035937 0.031250
0 0.757031 0.765625 0.039062 0.031250
0 0.158594 0.768750 0.017188 0.040625
0 0.764062 0.732812 0.040625 0.021875
0 0.643750 0.712500 0.037500 0.021875
0 0.404687 0.710938 0.034375 0.037500
0 0.700000 0.698438 0.040625 0.028125
0 0.843750 0.703906 0.025000 0.051562
0 0.414844 0.665625 0.032813 0.040625
0 0.146875 0.660156 0.015625 0.032813
0 0.274219 0.660156 0.035937 0.035937
0 0.018750 0.626563 0.037500 0.021875
0 0.768750 0.630469 0.043750 0.032813
0 0.235937 0.624219 0.037500 0.032813
0 0.472656 0.619531 0.039062 0.035937
0 0.817187 0.609375 0.031250 0.043750
0 0.736719 0.582031 0.032813 0.042188
0 0.790625 0.574219 0.037500 0.045312
0 0.653125 0.556250 0.034375 0.034375
0 0.608594 0.532031 0.045312 0.017188
0 0.549219 0.534375 0.032813 0.040625
0 0.731250 0.532813 0.037500 0.040625
0 0.147656 0.524219 0.017188 0.045312
0 0.178125 0.521094 0.018750 0.048438
0 0.066406 0.496875 0.032813 0.025000
0 0.708594 0.489844 0.045312 0.020313
0 0.131250 0.495312 0.018750 0.031250
0 0.685937 0.471875 0.040625 0.025000
0 0.303125 0.458594 0.043750 0.023438
0 0.829688 0.450781 0.034375 0.042188
0 0.242188 0.430469 0.037500 0.026562
0 0.089844 0.425781 0.035937 0.032813
0 0.884375 0.432031 0.025000 0.048438
0 0.290625 0.416406 0.021875 0.017188
0 0.720313 0.418750 0.018750 0.040625
0 0.818750 0.411719 0.037500 0.035937
0 0.207813 0.400000 0.025000 0.028125
0 0.615625 0.388281 0.034375 0.039062
0 0.866406 0.369531 0.023438 0.042188
0 0.674219 0.357812 0.029687 0.037500
0 0.628906 0.341406 0.039062 0.029687
0 0.668750 0.310937 0.031250 0.040625
0 0.317188 0.304688 0.021875 0.046875
0 0.267969 0.299219 0.026562 0.039062
0 0.495312 0.250000 0.037500 0.043750
0 0.081250 0.228125 0.037500 0.028125
0 0.440625 0.221875 0.034375 0.028125
0 0.385937 0.222656 0.025000 0.048438
0 0.072656 0.186719 0.032813 0.042188
0 0.855469 0.140625 0.020313 0.046875
0 0.828906 0.126562 0.029687 0.040625
0 0.089844 0.125000 0.017188 0.046875
0 0.133594 0.100000 0.026562 0.040625
0 0.667969 0.083594 0.045312 0.020313
0 0.176563 0.078125 0.031250 0.034375
0 0.509375 0.063281 0.043750 0.020313
0 0.277344 0.042969 0.035937 0.017188
0 0.437500 0.053906 0.018750 0.045312
0 0.407031 0.042188 0.032813 0.040625
0 0.988281 0.025000 0.023438 0.050000
0 0.696094 0.010937 0.020313 0.021875
0 0.281250 0.006250 0.050000 0.012500
0 0.163281 0.005469 0.032813 0.010937
0 0.021875 0.142969 0.025000 0.039062
0 0.009375 0.170313 0.018750 0.043750
0 0.217188 0.074219 0.018750 0.039062
0 0.210938 0.056250 0.034375 0.021875
0 0.229687 0.031250 0.040625 0.043750
0 0.229687 0.006250 0.031250 0.012500
0 0.259375 0.151562 0.046875 0.018750
0 0.273438 0.169531 0.046875 0.023438
0 0.249219 0.223438 0.039062 0.028125
0 0.250781 0.250000 0.039062 0.015625
0 0.278125 0.265625 0.046875 0.015625
0 0.320312 0.256250 0.050000 0.025000
0 0.296875 0.232031 0.043750 0.029687
0 0.365625 0.165625 0.034375 0.031250
0 0.369531 0.185156 0.039062 0.017188
0 0.433594 0.165625 0.020313 0.043750
0 0.476562 0.136719 0.025000 0.039062
0 0.450000 0.124219 0.043750 0.020313
0 0.528906 0.100000 0.048438 0.025000
0 0.568750 0.082031 0.031250 0.029687
0 0.542188 0.022656 0.040625 0.026562
0 0.532813 0.008594 0.046875 0.017188
0 0.587500 0.128125 0.037500 0.021875
0 0.613281 0.135156 0.026562 0.045312
0 0.552344 0.215625 0.035937 0.037500
0 0.588281 0.188281 0.023438 0.042188
0 0.551562 0.250781 0.043750 0.017188
0 0.560937 0.267188 0.031250 0.015625
0 0.580469 0.232031 0.039062 0.017188
0 0.576562 0.244531 0.034375 0.017188
0 0.592187 0.213281 0.025000 0.029687
0 0.620313 0.224219 0.018750 0.035937
0 0.629687 0.264844 0.025000 0.032813
0 0.617969 0.255469 0.032813 0.020313
0 0.642188 0.251563 0.018750 0.018750
0 0.656250 0.241406 0.028125 0.035937
0 0.600000 0.287500 0.037500 0.028125
0 0.592187 0.311719 0.028125 0.026562
0 0.614062 0.165625 0.021875 0.034375
0 0.629687 0.164844 0.025000 0.035937
0 0.625000 0.196875 0.009375 0.021875
0 0.636719 0.205469 0.014063 0.029687
0 0.645312 0.162500 0.018750 0.015625
0 0.689844 0.114844 0.032813 0.026562
0 0.715625 0.124219 0.018750 0.042188
0 0.750000 0.107031 0.037500 0.029687
0 0.777344 0.081250 0.020313 0.046875
0 0.686719 0.143750 0.042188 0.018750
0 0.707812 0.160938 0.046875 0.015625
0 0.690625 0.178906 0.031250 0.017188
0 0.701562 0.220312 0.046875 0.031250
0 0.692187 0.255469 0.040625 0.039062
0 0.747656 0.210156 0.026562 0.042188
0 0.767969 0.200000 0.014063 0.046875
0 0.785937 0.154688 0.031250 0.037500
0 0.793750 0.145313 0.034375 0.021875
0 0.795312 0.196875 0.034375 0.043750
0 0.817969 0.193750 0.032813 0.034375
0 0.786719 0.226562 0.048438 0.028125
0 0.765625 0.253125 0.037500 0.025000
0 0.788281 0.271875 0.054688 0.018750
0 0.853906 0.231250 0.048438 0.034375
0 0.717969 0.314063 0.039062 0.021875
0 0.750781 0.306250 0.026562 0.037500
0 0.775781 0.300781 0.035937 0.032813
0 0.796094 0.344531 0.017188 0.039062
0 0.820312 0.334375 0.018750 0.037500
0 0.792188 0.314063 0.034375 0.031250
0 0.819531 0.285938 0.029687 0.021875
0 0.832812 0.287500 0.028125 0.037500
0 0.869531 0.268750 0.032813 0.043750
0 0.858594 0.314063 0.035937 0.031250
0 0.844531 0.325781 0.039062 0.032813
0 0.900000 0.245312 0.021875 0.040625
0 0.900000 0.185938 0.018750 0.040625
0 0.888281 0.161719 0.020313 0.035937
0 0.896094 0.131250 0.039062 0.021875
0 0.046875 0.285156 0.018750 0.048438
0 0.074219 0.282813 0.035937 0.028125
0 0.079687 0.260156 0.040625 0.023438
0 0.042188 0.346094 0.031250 0.035937
0 0.015625 0.380469 0.018750 0.048438
0 0.133594 0.387500 0.026562 0.031250
0 0.157812 0.394531 0.037500 0.023438
0 0.039062 0.647656 0.028125 0.032813
0 0.021875 0.663281 0.018750 0.023438
0 0.054688 0.667188 0.018750 0.046875
0 0.068750 0.713281 0.025000 0.035937
0 0.109375 0.726562 0.043750 0.018750
0 0.032813 0.704688 0.028125 0.015625
0 0.102344 0.619531 0.032813 0.035937
0 0.121094 0.611719 0.017188 0.045312
0 0.092969 0.578906 0.023438 0.045312
0 0.112500 0.549219 0.028125 0.035937
0 0.128906 0.571094 0.020313 0.048438
0 0.151562 0.570312 0.025000 0.028125
0 0.174219 0.582031 0.042188 0.029687
0 0.245312 0.794531 0.028125 0.039062
0 0.270313 0.807813 0.018750 0.034375
0 0.240625 0.738281 0.015625 0.039062
0 0.257031 0.760156 0.023438 0.039062
0 0.354687 0.905469 0.031250 0.039062
0 0.328906 0.906250 0.020313 0.034375
0 0.340625 0.935937 0.043750 0.021875
0 0.353906 0.968750 0.026562 0.043750
0 0.555469 0.954688 0.017188 0.034375
0 0.552344 0.975000 0.042188 0.018750
0 0.573438 0.981250 0.043750 0.018750
0 0.622656 0.901563 0.035937 0.028125
0 0.635938 0.910937 0.031250 0.037500
0 0.665625 0.947656 0.021875 0.042188
0 0.704688 0.967969 0.031250 0.039062
0 0.682813 0.980469 0.046875 0.020313
0 0.659375 0.987500 0.031250 0.021875
0 0.644531 0.768750 0.020313 0.043750
0 0.672656 0.791406 0.042188 0.020313
0 0.702344 0.764844 0.026562 0.039062
0 0.682813 0.738281 0.043750 0.017188
0 0.510156 0.691406 0.026562 0.023438
0 0.523438 0.712500 0.046875 0.021875
0 0.525781 0.738281 0.035937 0.035937
0 0.491406 0.735156 0.029687 0.039062
0 0.512500 0.782031 0.040625 0.026562
0 0.537500 0.776563 0.034375 0.037500
0 0.072656 0.792969 0.026562 0.026562
0 0.077344 0.897656 0.045312 0.026562
0 0.044531 0.881250 0.026562 0.021875
0 0.055469 0.855469 0.029687 0.026562
0 0.019531 0.850781 0.039062 0.023438
0 0.017969 0.826562 0.026562 0.025000
0 0.028906 0.817969 0.029687 0.023438
0 0.041406 0.814063 0.032813 0.015625
0 0.025781 0.782031 0.029687 0.032813
0 0.039062 0.773438 0.021875 0.018750
0 0.073438 0.793750 0.028125 0.025000
0 0.081250 0.704688 0.012500 0.028125
0 0.077344 0.989844 0.017188 0.017188
0 0.103125 0.969531 0.018750 0.032813
0 0.103906 0.992969 0.032813 0.010937
0 0.170313 0.988281 0.031250 0.020313
0 0.139844 0.991406 0.014063 0.014063
0 0.033594 0.971094 0.020313 0.039062
0 0.214062 0.831250 0.015625 0.012500
0 0.295312 0.521094 0.025000 0.035937
0 0.323437 0.535937 0.031250 0.034375
0 0.293750 0.554688 0.028125 0.025000
0 0.282031 0.577344 0.032813 0.017188
0 0.303906 0.589063 0.026562 0.037500
0 0.341406 0.561719 0.039062 0.026562
0 0.345313 0.586719 0.025000 0.035937
0 0.343750 0.617969 0.028125 0.032813
0 0.378906 0.603906 0.032813 0.020313
0 0.390625 0.571094 0.021875 0.051562
0 0.410938 0.584375 0.021875 0.028125
0 0.413281 0.442969 0.017188 0.045312
0 0.370312 0.480469 0.018750 0.039062
0 0.383594 0.445312 0.029687 0.031250
0 0.347656 0.424219 0.014063 0.029687
0 0.360938 0.438281 0.021875 0.026562
0 0.365625 0.412500 0.028125 0.031250
0 0.498437 0.596094 0.018750 0.045312
0 0.509375 0.608594 0.028125 0.035937
0 0.525000 0.571094 0.053125 0.026562
0 0.567187 0.471094 0.028125 0.045312
0 0.586719 0.466406 0.020313 0.035937
0 0.605469 0.456250 0.020313 0.025000
0 0.471094 0.458594 0.020313 0.017188
0 0.519531 0.396875 0.014063 0.012500
0 0.594531 0.425000 0.020313 0.015625
0 0.772656 0.456250 0.014063 0.015625
0 0.881250 0.507031 0.028125 0.039062
0 0.878906 0.536719 0.051562 0.020313
0 0.883594 0.564063 0.035937 0.034375
0 0.894531 0.584375 0.032813 0.046875
0 0.874219 0.636719 0.048438 0.023438
0 0.875000 0.664062 0.031250 0.034375
0 0.876563 0.694531 0.021875 0.032813
0 0.882812 0.730469 0.028125 0.042188
0 0.897656 0.710156 0.020313 0.026562
0 0.914844 0.749219 0.026562 0.035937
0 0.902344 0.774219 0.017188 0.042188
0 0.911719 0.759375 0.023438 0.028125
0 0.853125 0.782813 0.021875 0.040625
0 0.882031 0.798438 0.039062 0.021875
0 0.892188 0.822656 0.031250 0.035937
0 0.917969 0.828906 0.014063 0.035937
0 0.933594 0.820312 0.023438 0.018750
0 0.930469 0.798438 0.020313 0.025000
0 0.924219 0.786719 0.014063 0.014063
0 0.783594 0.821875 0.039062 0.034375
0 0.796094 0.846875 0.017188 0.043750
0 0.839844 0.842969 0.045312 0.020313
0 0.851562 0.871094 0.015625 0.042188
0 0.835938 0.889844 0.012500 0.020313
0 0.899219 0.863281 0.026562 0.039062
0 0.848437 0.942187 0.043750 0.028125
0 0.834375 0.970313 0.031250 0.037500
0 0.862500 0.982812 0.043750 0.025000
0 0.897656 0.964844 0.014063 0.045312
0 0.925781 0.922656 0.017188 0.032813
0 0.916406 0.971875 0.017188 0.043750
0 0.898438 0.992188 0.025000 0.009375
0 0.010937 0.965625 0.021875 0.040625
0 0.046875 0.541406 0.018750 0.020313
0 0.662500 0.200781 0.031250 0.026562
0 0.476562 0.493750 0.025000 0.031250