0 0.079687 0.730469 0.040625 0.029687
0 0.439063 0.129688 0.037500 0.031250
0 0.363281 0.135156 0.042188 0.023438
0 0.567969 0.076563 0.045312 0.043750
0 0.533594 0.442188 0.045312 0.025000
0 0.332813 0.366406 0.040625 0.029687
0 0.311719 0.464844 0.035937 0.042188
0 0.550000 0.159375 0.034375 0.034375
0 0.406250 0.953125 0.040625 0.025000
0 0.426563 0.364063 0.040625 0.025000
0 0.040625 0.884375 0.043750 0.028125
0 0.457813 0.228125 0.028125 0.037500
0 0.162500 0.358594 0.028125 0.045312
0 0.285156 0.225781 0.017188 0.045312
0 0.166406 0.827344 0.023438 0.045312
0 0.043750 0.671094 0.031250 0.039062
0 0.182031 0.529687 0.035937 0.037500
0 0.299219 0.507812 0.035937 0.034375
0 0.928125 0.108594 0.050000 0.032813
0 0.122656 0.527344 0.039062 0.026562
0 0.236719 0.857031 0.026562 0.042188
0 0.512500 0.399219 0.043750 0.029687
0 0.345313 0.392188 0.043750 0.021875
0 0.286719 0.114062 0.032813 0.034375
0 0.050781 0.785937 0.039062 0.034375
0 0.238281 0.255469 0.032813 0.048438
0 0.410938 0.271094 0.028125 0.035937
0 0.115625 0.462500 0.031250 0.034375
0 0.492969 0.694531 0.045312 0.029687
0 0.300781 0.065625 0.045312 0.021875
0 0.551562 0.906250 0.031250 0.040625
0 0.075000 0.601562 0.040625 0.025000
0 0.221875 0.211719 0.046875 0.026562
0 0.959375 0.307031 0.037500 0.042188
0 0.157812 0.696875 0.031250 0.034375
0 0.606250 0.479687 0.025000 0.050000
0 0.492188 0.443750 0.031250 0.046875
0 0.047656 0.082812 0.029687 0.034375
0 0.409375 0.979688 0.031250 0.037500
0 0.985938 0.917188 0.028125 0.028125
0 0.298438 0.784375 0.037500 0.028125
0 0.569531 0.662500 0.026562 0.040625
0 0.226562 0.524219 0.031250 0.042188
0 0.257031 0.782813 0.035937 0.043750
0 0.308594 0.184375 0.042188 0.018750
0 0.182812 0.869531 0.028125 0.039062
0 0.583594 0.870313 0.035937 0.034375
0 0.435937 0.214844 0.031250 0.045312
0 0.195312 0.565625 0.034375 0.034375
0 0.478125 0.778125 0.043750 0.031250
0 0.089063 0.331250 0.015625 0.031250
0 0.920312 0.235156 0.040625 0.029687
0 0.922656 0.971094 0.048438 0.026562
0 0.051562 0.749219 0.021875 0.045312
0 0.582031 0.145313 0.020313 0.050000
0 0.973437 0.104688 0.031250 0.043750
0 0.207813 0.889062 0.021875 0.050000
0 0.979688 0.780469 0.021875 0.048438
0 0.139063 0.421094 0.018750 0.048438
0 0.100781 0.421875 0.020313 0.040625
0 0.989062 0.986719 0.018750 0.026562
0 0.480469 0.208594 0.020313 0.048438
0 0.961719 0.474219 0.035937 0.032813
0 0.965625 0.260937 0.025000 0.046875
0 0.009375 0.893750 0.018750 0.018750
0 0.610938 0.425000 0.025000 0.040625
0 0.457813 0.567969 0.034375 0.042188
0 0.985156 0.440625 0.026562 0.031250
0 0.268750 0.327344 0.034375 0.042188
0 0.975000 0.050781 0.040625 0.029687
0 0.509375 0.356250 0.028125 0.043750
0 0.200000 0.646875 0.043750 0.037500
0 0.568750 0.775781 0.031250 0.035937
0 0.467969 0.067187 0.039062 0.040625
0 0.096875 0.482031 0.037500 0.023438
0 0.484375 0.932031 0.043750 0.039062
0 0.135937 0.269531 0.040625 0.035937
0 0.082812 0.007031 0.043750 0.014063
0 0.981250 0.497656 0.034375 0.032813
0 0.432812 0.014063 0.028125 0.028125
0 0.264062 0.946875 0.021875 0.046875
0 0.378125 0.296875 0.028125 0.037500
0 0.460156 0.457031 0.020313 0.048438
0 0.083594 0.110937 0.039062 0.028125
0 0.591406 0.596094 0.045312 0.020313
0 0.255469 0.169531 0.026562 0.035937
0 0.942969 0.723437 0.032813 0.043750
0 0.472656 0.386719 0.035937 0.045312
0 0.982812 0.522656 0.031250 0.017188
0 0.589063 0.920312 0.018750 0.043750
0 0.301563 0.564063 0.031250 0.040625
0 0.250000 0.700000 0.028125 0.034375
0 0.485156 0.642188 0.032813 0.053125
0 0.952344 0.367969 0.035937 0.032813
0 0.346875 0.817969 0.040625 0.029687
0 0.978125 0.864062 0.040625 0.021875
0 0.552344 0.615625 0.042188 0.021875
0 0.049219 0.378125 0.020313 0.046875
0 0.467187 0.896875 0.031250 0.037500
0 0.241406 0.142969 0.048438 0.020313
0 0.035156 0.160938 0.048438 0.021875
0 0.942969 0.334375 0.042188 0.037500
0 0.296094 0.940625 0.032813 0.043750
0 0.420312 0.698438 0.046875 0.031250
0 0.602344 0.769531 0.029687 0.042188
0 0.306250 0.600781 0.018750 0.039062
0 0.946875 0.029687 0.043750 0.031250
0 0.348438 0.623437 0.028125 0.034375
0 0.425781 0.081250 0.017188 0.050000
0 0.221094 0.300781 0.042188 0.023438
0 0.891406 0.236719 0.023438 0.045312
0 0.374219 0.726562 0.029687 0.040625
0 0.946875 0.762500 0.043750 0.018750
0 0.552344 0.557813 0.035937 0.028125
0 0.958594 0.923438 0.026562 0.040625
0 0.847656 0.056250 0.045312 0.034375
0 0.433594 0.477344 0.032813 0.042188
0 0.393750 0.332813 0.031250 0.018750
0 0.250781 0.747656 0.042188 0.026562
0 0.028125 0.371875 0.018750 0.046875
0 0.332813 0.938281 0.021875 0.042188
0 0.959375 0.894531 0.043750 0.026562
0 0.518750 0.596094 0.028125 0.039062
0 0.497656 0.599219 0.029687 0.035937
0 0.511719 0.801562 0.023438 0.043750
0 0.166406 0.726562 0.045312 0.021875
0 0.575781 0.258594 0.020313 0.048438
0 0.396875 0.806250 0.046875 0.018750
0 0.192969 0.615625 0.039062 0.021875
0 0.299219 0.760156 0.048438 0.023438
0 0.952344 0.660156 0.026562 0.029687
0 0.950781 0.810937 0.026562 0.034375
0 0.393750 0.764844 0.043750 0.026562
0 0.199219 0.327344 0.026562 0.039062
0 0.133594 0.292969 0.029687 0.029687
0 0.564063 0.296094 0.018750 0.023438
0 0.607031 0.557813 0.014063 0.043750
0 0.011719 0.182031 0.023438 0.029687
0 0.534375 0.578906 0.040625 0.032813
0 0.905469 0.729688 0.017188 0.043750
0 0.934375 0.686719 0.040625 0.029687
0 0.175781 0.255469 0.042188 0.023438
0 0.525000 0.230469 0.021875 0.039062
0 0.955469 0.449219 0.029687 0.039062
0 0.022656 0.972656 0.026562 0.020313
0 0.966406 0.700000 0.026562 0.050000
0 0.461719 0.607812 0.029687 0.040625
0 0.560156 0.696875 0.032813 0.040625
0 0.339062 0.643750 0.028125 0.025000
0 0.918750 0.520312 0.018750 0.046875
0 0.907813 0.330469 0.018750 0.039062
0 0.943750 0.130469 0.043750 0.023438
0 0.456250 0.664844 0.021875 0.045312
0 0.904687 0.949219 0.050000 0.020313
0 0.504687 0.725000 0.034375 0.021875
0 0.518750 0.650000 0.046875 0.021875
0 0.925781 0.737500 0.029687 0.028125
0 0.371875 0.018750 0.021875 0.037500
0 0.892969 0.027344 0.029687 0.039062
0 0.240625 0.554688 0.046875 0.031250
0 0.406250 0.485938 0.028125 0.046875
0 0.341406 0.730469 0.035937 0.026562
0 0.981250 0.360156 0.018750 0.039062
0 0.929688 0.553125 0.021875 0.028125
0 0.928125 0.633594 0.018750 0.039062
0 0.279687 0.993750 0.040625 0.012500
0 0.395313 0.688281 0.040625 0.023438
0 0.346094 0.748437 0.035937 0.031250
0 0.190625 0.296094 0.031250 0.020313
0 0.296875 0.025000 0.015625 0.018750
0 0.625000 0.585938 0.018750 0.050000
0 0.078906 0.923438 0.035937 0.031250
0 0.080469 0.658594 0.029687 0.035937
0 0.516406 0.741406 0.039062 0.023438
0 0.531250 0.666406 0.040625 0.017188
0 0.419531 0.624219 0.017188 0.042188
0 0.297656 0.707812 0.029687 0.037500
0 0.906250 0.805469 0.021875 0.039062
0 0.944531 0.064062 0.023438 0.043750
0 0.930469 0.155469 0.039062 0.023438
0 0.156250 0.647656 0.025000 0.039062
0 0.397656 0.636719 0.017188 0.026562
0 0.615625 0.261719 0.028125 0.042188
0 0.173437 0.025781 0.025000 0.039062
0 0.245312 0.578906 0.040625 0.026562
0 0.989844 0.677344 0.020313 0.017188
0 0.589063 0.723437 0.043750 0.034375
0 0.317188 0.724219 0.031250 0.039062
0 0.894531 0.303906 0.026562 0.045312
0 0.364063 0.617188 0.025000 0.040625
0 0.891406 0.102344 0.039062 0.035937
0 0.960938 0.145313 0.046875 0.021875
0 0.611719 0.657031 0.020313 0.048438
0 0.351562 0.764844 0.046875 0.020313
0 0.358594 0.793750 0.023438 0.040625
0 0.084375 0.634375 0.043750 0.015625
0 0.986719 0.636719 0.023438 0.045312
0 0.996094 0.285938 0.007812 0.028125
0 0.928906 0.888281 0.023438 0.032813
0 0.908594 0.624219 0.020313 0.048438
0 0.159375 0.293750 0.037500 0.028125
0 0.879687 0.042969 0.015625 0.029687
0 0.625781 0.240625 0.020313 0.043750
0 0.921094 0.046875 0.023438 0.043750
0 0.307812 0.910937 0.021875 0.050000
0 0.251563 0.600000 0.025000 0.040625
0 0.550781 0.232813 0.026562 0.025000
0 0.442188 0.889062 0.028125 0.034375
0 0.439844 0.640625 0.032813 0.034375
0 0.617188 0.005469 0.025000 0.010937
0 0.221094 0.159375 0.035937 0.040625
0 0.529687 0.685937 0.021875 0.021875
0 0.546875 0.745313 0.021875 0.046875
0 0.523438 0.767969 0.034375 0.035937
0 0.271094 0.701562 0.020313 0.040625
0 0.914844 0.355469 0.039062 0.017188
0 0.597656 0.739062 0.029687 0.034375
0 0.273438 0.562500 0.021875 0.050000
0 0.994531 0.399219 0.010937 0.042188
0 0.008594 0.389844 0.017188 0.029687
0 0.098437 0.088281 0.028125 0.032813
0 0.438281 0.042188 0.023438 0.043750
0 0.333594 0.326562 0.020313 0.028125
0 0.928125 0.437500 0.018750 0.046875
0 0.441406 0.614844 0.017188 0.029687
0 0.941406 0.615625 0.017188 0.031250
0 0.625000 0.742969 0.034375 0.023438
0 0.914844 0.564063 0.020313 0.037500
0 0.173437 0.058594 0.018750 0.039062
0 0.336719 0.685156 0.023438 0.048438
0 0.938281 0.828125 0.042188 0.018750
0 0.633594 0.980469 0.032813 0.017188
0 0.121094 0.085938 0.039062 0.021875
0 0.188281 0.932813 0.017188 0.015625
0 0.208594 0.725781 0.039062 0.020313
0 0.896875 0.569531 0.018750 0.042188
0 0.975000 0.627344 0.021875 0.039062
0 0.362500 0.682813 0.034375 0.015625
0 0.276562 0.732812 0.031250 0.015625
0 0.424219 0.590625 0.026562 0.034375
0 0.953906 0.600781 0.039062 0.032813
0 0.903125 0.674219 0.031250 0.017188
0 0.319531 0.800000 0.032813 0.028125
0 0.241406 0.722656 0.039062 0.020313
0 0.994531 0.249219 0.007812 0.032813
0 0.188281 0.410156 0.023438 0.042188
0 0.392969 0.782031 0.029687 0.014063
0 0.531250 0.633594 0.037500 0.023438
0 0.896094 0.690625 0.032813 0.021875
0 0.564063 0.200000 0.015625 0.034375
0 0.957812 0.871094 0.018750 0.023438
0 0.910156 0.416406 0.017188 0.039062
0 0.913281 0.486719 0.029687 0.029687
0 0.938281 0.406250 0.017188 0.046875
0 0.853125 0.035937 0.028125 0.025000
0 0.966406 0.419531 0.017188 0.017188
0 0.371094 0.280469 0.017188 0.023438
0 0.890625 0.525781 0.028125 0.039062
0 0.896094 0.421094 0.014063 0.039062
0 0.607031 0.994531 0.023438 0.010937
0 0.989844 0.545312 0.017188 0.021875
0 0.129688 0.651563 0.028125 0.034375
0 0.985156 0.587500 0.026562 0.025000
0 0.936719 0.857812 0.035937 0.015625
0 0.384375 0.658594 0.034375 0.017188
0 0.924219 0.598437 0.023438 0.025000
0 0.879687 0.419531 0.015625 0.042188
0 0.957031 0.562500 0.026562 0.028125
0 0.895312 0.635938 0.018750 0.046875
0 0.904687 0.882812 0.028125 0.040625
0 0.907813 0.846094 0.021875 0.035937
0 0.630469 0.652344 0.020313 0.042188
0 0.413281 0.666406 0.023438 0.032813
0 0.130469 0.221875 0.035937 0.043750
0 0.121094 0.125781 0.029687 0.029687
0 0.119531 0.112500 0.032813 0.031250
0 0.894531 0.068750 0.035937 0.028125
0 0.912500 0.082812 0.018750 0.025000
0 0.893750 0.491406 0.012500 0.039062