0 0.154688 0.328125 0.031250 0.037500
0 0.779687 0.650781 0.025000 0.045312
0 0.210156 0.541406 0.042188 0.029687
0 0.962500 0.550781 0.034375 0.039062
0 0.105469 0.467187 0.045312 0.028125
0 0.172656 0.168750 0.032813 0.034375
0 0.421875 0.403906 0.040625 0.042188
0 0.453906 0.067969 0.032813 0.032813
0 0.871875 0.809375 0.040625 0.028125
0 0.090625 0.717187 0.031250 0.046875
0 0.566406 0.211719 0.026562 0.035937
0 0.157812 0.076563 0.046875 0.031250
0 0.253906 0.677344 0.035937 0.042188
0 0.016406 0.571094 0.032813 0.042188
0 0.410156 0.057813 0.045312 0.028125
0 0.515625 0.782031 0.043750 0.032813
0 0.768750 0.168750 0.021875 0.053125
0 0.287500 0.535937 0.031250 0.037500
0 0.500781 0.069531 0.032813 0.045312
0 0.491406 0.465625 0.045312 0.031250
0 0.127344 0.519531 0.048438 0.032813
0 0.128125 0.653906 0.031250 0.048438
0 0.746875 0.027344 0.046875 0.023438
0 0.481250 0.410156 0.040625 0.039062
0 0.697656 0.610156 0.045312 0.026562
0 0.792188 0.231250 0.018750 0.043750
0 0.326562 0.495312 0.040625 0.021875
0 0.964844 0.164844 0.039062 0.035937
0 0.555469 0.020313 0.045312 0.025000
0 0.885156 0.135156 0.042188 0.032813
0 0.303906 0.853125 0.032813 0.040625
0 0.953906 0.406250 0.023438 0.040625
0 0.880469 0.352344 0.017188 0.045312
0 0.538281 0.287500 0.045312 0.025000
0 0.771875 0.945312 0.043750 0.025000
0 0.604688 0.885938 0.037500 0.031250
0 0.671875 0.087500 0.043750 0.028125
0 0.160938 0.492188 0.018750 0.046875
0 0.565625 0.882031 0.031250 0.048438
0 0.385937 0.929688 0.046875 0.025000
0 0.218750 0.059375 0.043750 0.028125
0 0.436719 0.162500 0.042188 0.043750
0 0.459375 0.255469 0.037500 0.023438
0 0.514062 0.903125 0.021875 0.050000
0 0.642969 0.857812 0.045312 0.031250
0 0.366406 0.974219 0.042188 0.029687
0 0.708594 0.942969 0.035937 0.039062
0 0.510938 0.696875 0.046875 0.031250
0 0.834375 0.027344 0.043750 0.020313
0 0.632812 0.559375 0.040625 0.021875
0 0.058594 0.051562 0.039062 0.025000
0 0.957812 0.267188 0.043750 0.031250
0 0.437500 0.506250 0.018750 0.050000
0 0.834375 0.226562 0.018750 0.046875
0 0.521094 0.491406 0.039062 0.035937
0 0.553125 0.682813 0.034375 0.050000
0 0.153125 0.578906 0.040625 0.039062
0 0.846875 0.421875 0.043750 0.018750
0 0.249219 0.541406 0.017188 0.045312
0 0.225781 0.025781 0.023438 0.039062
0 0.790625 0.328125 0.034375 0.040625
0 0.727344 0.705469 0.042188 0.020313
0 0.984375 0.739844 0.031250 0.032813
0 0.923438 0.123438 0.031250 0.050000
0 0.285156 0.014844 0.045312 0.020313
0 0.372656 0.683594 0.042188 0.023438
0 0.655469 0.900781 0.045312 0.023438
0 0.474219 0.108594 0.032813 0.045312
0 0.966406 0.053125 0.045312 0.028125
0 0.949219 0.900781 0.039062 0.039062
0 0.593750 0.503906 0.034375 0.032813
0 0.261719 0.189844 0.026562 0.051562
0 0.053125 0.225000 0.031250 0.046875
0 0.340625 0.577344 0.050000 0.023438
0 0.325000 0.089063 0.043750 0.021875
0 0.087500 0.294531 0.028125 0.045312
0 0.632812 0.230469 0.034375 0.032813
0 0.260937 0.769531 0.034375 0.042188
0 0.520312 0.010156 0.028125 0.020313
0 0.389844 0.877344 0.026562 0.054688
0 0.264844 0.462500 0.026562 0.040625
0 0.254688 0.019531 0.025000 0.039062
0 0.847656 0.925781 0.032813 0.035937
0 0.185156 0.103906 0.048438 0.020313
0 0.533594 0.740625 0.020313 0.053125
0 0.348438 0.539062 0.031250 0.043750
0 0.904687 0.947656 0.040625 0.032813
0 0.656250 0.058594 0.050000 0.020313
0 0.292187 0.446094 0.046875 0.020313
0 0.295312 0.574219 0.043750 0.029687
0 0.967187 0.714844 0.021875 0.051562
0 0.779687 0.714844 0.018750 0.048438
0 0.906250 0.988281 0.034375 0.020313
0 0.799219 0.498437 0.026562 0.050000
0 0.513281 0.575000 0.045312 0.028125
0 0.635938 0.710156 0.034375 0.035937
0 0.203906 0.896875 0.051562 0.028125
0 0.928125 0.190625 0.034375 0.025000
0 0.479687 0.607812 0.034375 0.034375
0 0.650781 0.278906 0.035937 0.042188
0 0.625781 0.664062 0.023438 0.053125
0 0.806250 0.733594 0.034375 0.039062
0 0.290625 0.778125 0.021875 0.046875
0 0.082812 0.777344 0.043750 0.023438
0 0.373437 0.183594 0.040625 0.029687
0 0.661719 0.137500 0.026562 0.050000
0 0.335938 0.121094 0.034375 0.042188
0 0.271094 0.990625 0.029687 0.018750
0 0.678125 0.378906 0.031250 0.051562
0 0.277344 0.604688 0.048438 0.034375
0 0.195312 0.865625 0.034375 0.037500
0 0.601562 0.976562 0.028125 0.025000
0 0.346094 0.160938 0.032813 0.034375
0 0.694531 0.141406 0.035937 0.032813
0 0.012500 0.848437 0.025000 0.028125
0 0.707031 0.384375 0.039062 0.021875
0 0.332031 0.015625 0.029687 0.028125
0 0.754687 0.850000 0.021875 0.046875
0 0.792969 0.836719 0.020313 0.042188
0 0.882031 0.848437 0.035937 0.034375
0 0.835156 0.956250 0.045312 0.025000
0 0.906250 0.260937 0.050000 0.021875
0 0.419531 0.981250 0.035937 0.021875
0 0.501563 0.224219 0.037500 0.035937
0 0.775000 0.879687 0.050000 0.028125
0 0.449219 0.334375 0.029687 0.043750
0 0.454688 0.612500 0.021875 0.046875
0 0.870313 0.010937 0.031250 0.021875
0 0.886719 0.232813 0.039062 0.040625
0 0.825000 0.991406 0.046875 0.017188
0 0.099219 0.136719 0.039062 0.020313
0 0.192188 0.822656 0.018750 0.048438
0 0.680469 0.040625 0.039062 0.015625
0 0.870313 0.878125 0.056250 0.021875
0 0.925000 0.165625 0.028125 0.018750
0 0.982812 0.215625 0.031250 0.031250
0 0.903125 0.027344 0.059375 0.020313
0 0.684375 0.303906 0.034375 0.032813
0 0.211719 0.841406 0.032813 0.023438
0 0.771875 0.344531 0.021875 0.045312
0 0.104688 0.046094 0.018750 0.014063
0 0.873437 0.264844 0.034375 0.032813
0 0.342969 0.038281 0.032813 0.026562
0 0.228125 0.823438 0.046875 0.018750
0 0.991406 0.006250 0.017188 0.012500
0 0.235937 0.803906 0.050000 0.023438
0 0.179688 0.910937 0.040625 0.021875
0 0.087500 0.146875 0.046875 0.018750
0 0.356250 0.434375 0.050000 0.021875
0 0.389844 0.985938 0.035937 0.025000
0 0.989844 0.918750 0.020313 0.034375
0 0.214844 0.929688 0.020313 0.040625
0 0.363281 0.128125 0.026562 0.053125
0 0.195312 0.936719 0.037500 0.032813
0 0.874219 0.918750 0.023438 0.043750
0 0.461719 0.302344 0.023438 0.023438
0 0.699219 0.283594 0.035937 0.020313
0 0.521875 0.113281 0.043750 0.023438
0 0.282813 0.625781 0.040625 0.026562
0 0.632031 0.252344 0.020313 0.035937
0 0.435156 0.623437 0.020313 0.043750
0 0.051562 0.182812 0.046875 0.043750
0 0.705469 0.778125 0.029687 0.034375
0 0.317969 0.041406 0.026562 0.026562
0 0.418750 0.618750 0.018750 0.037500
0 0.017969 0.185938 0.023438 0.050000
0 0.995313 0.146875 0.009375 0.015625
0 0.939063 0.004687 0.025000 0.009375
0 0.728125 0.785156 0.018750 0.039062
0 0.972656 0.889844 0.035937 0.042188
0 0.327344 0.714063 0.042188 0.031250
0 0.328906 0.725781 0.039062 0.029687
0 0.010156 0.167187 0.020313 0.040625
0 0.736719 0.216406 0.042188 0.057813
0 0.988281 0.239844 0.020313 0.026562