0 0.153125 0.988281 0.043750 0.023438
0 0.375000 0.980469 0.021875 0.039062
0 0.242969 0.970313 0.020313 0.021875
0 0.125781 0.961719 0.039062 0.020313
0 0.025781 0.964844 0.042188 0.039062
0 0.295312 0.963281 0.025000 0.045312
0 0.321094 0.945312 0.029687 0.043750
0 0.059375 0.913281 0.043750 0.026562
0 0.110156 0.913281 0.045312 0.035937
0 0.317969 0.903125 0.039062 0.028125
0 0.234375 0.880469 0.043750 0.020313
0 0.011719 0.888281 0.023438 0.054688
0 0.752344 0.867969 0.029687 0.051562
0 0.278125 0.861719 0.021875 0.042188
0 0.908594 0.850000 0.048438 0.021875
0 0.426563 0.851562 0.034375 0.031250
0 0.947656 0.839844 0.042188 0.035937
0 0.244531 0.833594 0.026562 0.045312
0 0.187500 0.822656 0.021875 0.048438
0 0.753906 0.813281 0.023438 0.039062
0 0.890625 0.793750 0.037500 0.031250
0 0.178125 0.784375 0.046875 0.021875
0 0.150000 0.760156 0.037500 0.026562
0 0.391406 0.766406 0.020313 0.048438
0 0.775781 0.740625 0.029687 0.056250
0 0.979688 0.717969 0.037500 0.032813
0 0.802344 0.714844 0.039062 0.042188
0 0.910937 0.700781 0.034375 0.032813
0 0.010937 0.674219 0.021875 0.020313
0 0.044531 0.650781 0.042188 0.023438
0 0.971875 0.609375 0.037500 0.037500
0 0.319531 0.584375 0.045312 0.021875
0 0.229687 0.595313 0.028125 0.046875
0 0.868750 0.547656 0.040625 0.029687
0 0.790625 0.540625 0.025000 0.040625
0 0.338281 0.534375 0.035937 0.031250
0 0.891406 0.519531 0.039062 0.023438
0 0.128125 0.508594 0.028125 0.039062
0 0.920312 0.495312 0.046875 0.021875
0 0.991406 0.483594 0.017188 0.014063
0 0.106250 0.475781 0.040625 0.026562
0 0.696875 0.450000 0.031250 0.034375
0 0.460938 0.439063 0.056250 0.025000
0 0.775000 0.419531 0.040625 0.032813
0 0.871875 0.421094 0.028125 0.039062
0 0.428906 0.397656 0.039062 0.026562
0 0.253906 0.397656 0.039062 0.029687
0 0.379688 0.380469 0.037500 0.035937
0 0.892188 0.366406 0.028125 0.048438
0 0.732031 0.357812 0.026562 0.046875
0 0.165625 0.345313 0.018750 0.040625
0 0.989062 0.323437 0.021875 0.034375
0 0.321094 0.320312 0.017188 0.040625
0 0.752344 0.316406 0.023438 0.042188
0 0.929688 0.303906 0.018750 0.048438
0 0.207031 0.276562 0.039062 0.034375
0 0.848437 0.257031 0.025000 0.039062
0 0.007812 0.242188 0.015625 0.018750
0 0.992188 0.228125 0.015625 0.025000
0 0.305469 0.231250 0.020313 0.046875
0 0.220312 0.221875 0.040625 0.031250
0 0.053125 0.201563 0.040625 0.018750
0 0.842187 0.212500 0.028125 0.043750
0 0.411719 0.211719 0.020313 0.042188
0 0.185938 0.203906 0.040625 0.032813
0 0.254688 0.170313 0.046875 0.028125
0 0.839844 0.135156 0.042188 0.023438
0 0.789844 0.137500 0.048438 0.028125
0 0.275000 0.133594 0.043750 0.023438
0 0.739844 0.100781 0.042188 0.020313
0 0.789062 0.098437 0.040625 0.037500
0 0.074219 0.867188 0.029687 0.028125
0 0.094531 0.882812 0.035937 0.043750
0 0.082031 0.969531 0.042188 0.035937
0 0.054688 0.976562 0.018750 0.043750
0 0.301563 0.992188 0.062500 0.012500
0 0.450000 0.921094 0.028125 0.045312
0 0.427344 0.958594 0.051562 0.054688
0 0.444531 0.985938 0.032813 0.025000
0 0.417969 0.774219 0.023438 0.042188
0 0.421094 0.751563 0.029687 0.028125
0 0.450781 0.742188 0.023438 0.037500
0 0.438281 0.742188 0.017188 0.037500
0 0.428125 0.719531 0.050000 0.026562
0 0.427344 0.678906 0.032813 0.042188
0 0.410938 0.690625 0.037500 0.040625
0 0.379688 0.692187 0.028125 0.062500
0 0.346875 0.759375 0.018750 0.021875
0 0.335156 0.745313 0.042188 0.040625
0 0.315625 0.725000 0.018750 0.043750
0 0.344531 0.719531 0.039062 0.029687
0 0.337500 0.700000 0.031250 0.031250
0 0.357031 0.692969 0.020313 0.029687
0 0.299219 0.689844 0.045312 0.029687
0 0.305469 0.663281 0.035937 0.048438
0 0.209375 0.685937 0.025000 0.037500
0 0.207031 0.655469 0.039062 0.023438
0 0.185938 0.660156 0.021875 0.051562
0 0.146094 0.665625 0.045312 0.021875
0 0.163281 0.718750 0.026562 0.015625
0 0.126562 0.700000 0.021875 0.043750
0 0.068750 0.679688 0.050000 0.025000
0 0.031250 0.721094 0.040625 0.035937
0 0.055469 0.715625 0.035937 0.040625
0 0.090625 0.705469 0.040625 0.032813
0 0.113281 0.738281 0.042188 0.029687
0 0.085938 0.745313 0.018750 0.043750
0 0.090625 0.775781 0.040625 0.026562
0 0.060156 0.768750 0.026562 0.037500
0 0.264062 0.668750 0.025000 0.040625
0 0.244531 0.701562 0.032813 0.034375
0 0.221094 0.723437 0.029687 0.021875
0 0.419531 0.559375 0.017188 0.034375
0 0.418750 0.496875 0.021875 0.050000
0 0.384375 0.497656 0.046875 0.020313
0 0.357031 0.612500 0.035937 0.037500
0 0.380469 0.617188 0.032813 0.046875
0 0.436719 0.603906 0.051562 0.017188
0 0.453906 0.633594 0.023438 0.042188
0 0.440625 0.658594 0.031250 0.039062
0 0.440625 0.535937 0.025000 0.040625
0 0.454688 0.516406 0.018750 0.048438
0 0.456250 0.479687 0.025000 0.018750
0 0.478125 0.467187 0.025000 0.031250
0 0.084375 0.559375 0.031250 0.050000
0 0.056250 0.573438 0.025000 0.046875
0 0.185938 0.542969 0.046875 0.020313
0 0.203125 0.558594 0.050000 0.023438
0 0.217188 0.441406 0.037500 0.023438
0 0.189844 0.421094 0.039062 0.039062
0 0.124219 0.411719 0.029687 0.017188
0 0.114844 0.428906 0.032813 0.045312
0 0.455469 0.269531 0.020313 0.045312
0 0.450000 0.236719 0.018750 0.045312
0 0.442188 0.215625 0.034375 0.037500
0 0.455469 0.178125 0.017188 0.031250
0 0.442188 0.153906 0.046875 0.017188
0 0.453906 0.099219 0.029687 0.020313
0 0.364844 0.105469 0.026562 0.023438
0 0.378125 0.107813 0.046875 0.034375
0 0.344531 0.160156 0.039062 0.026562
0 0.383594 0.129688 0.048438 0.021875
0 0.370312 0.150781 0.037500 0.023438
0 0.406250 0.160938 0.040625 0.021875
0 0.390625 0.186719 0.028125 0.042188
0 0.362500 0.195312 0.021875 0.053125
0 0.339844 0.218750 0.023438 0.053125
0 0.331250 0.110156 0.043750 0.032813
0 0.308594 0.114062 0.045312 0.031250
0 0.300781 0.152344 0.032813 0.045312
0 0.155469 0.151562 0.032813 0.037500
0 0.210156 0.167187 0.042188 0.034375
0 0.064844 0.235937 0.023438 0.040625
0 0.082812 0.259375 0.031250 0.043750
0 0.683594 0.251563 0.026562 0.040625
0 0.668750 0.260156 0.031250 0.045312
0 0.658594 0.236719 0.035937 0.042188
0 0.694531 0.198437 0.042188 0.031250
0 0.659375 0.185938 0.043750 0.037500
0 0.753906 0.224219 0.029687 0.045312
0 0.768750 0.253906 0.040625 0.026562
0 0.771875 0.275000 0.040625 0.025000
0 0.671094 0.335938 0.026562 0.046875
0 0.651563 0.357812 0.028125 0.056250
0 0.753125 0.440625 0.028125 0.050000
0 0.758594 0.475000 0.045312 0.034375
0 0.775781 0.571094 0.017188 0.045312
0 0.750000 0.549219 0.040625 0.029687
0 0.776563 0.602344 0.043750 0.035937
0 0.802344 0.575781 0.032813 0.035937
0 0.834375 0.584375 0.031250 0.043750
0 0.892969 0.619531 0.039062 0.029687
0 0.871094 0.630469 0.039062 0.023438
0 0.821875 0.661719 0.040625 0.032813
0 0.786719 0.663281 0.039062 0.045312
0 0.726562 0.674219 0.021875 0.051562
0 0.834375 0.688281 0.028125 0.045312
0 0.750000 0.574219 0.025000 0.039062
0 0.825000 0.785156 0.028125 0.048438
0 0.807031 0.814063 0.026562 0.025000
0 0.788281 0.828906 0.023438 0.048438
0 0.718750 0.805469 0.025000 0.057813
0 0.835938 0.821875 0.034375 0.037500
0 0.803906 0.857812 0.032813 0.015625
0 0.793750 0.870313 0.034375 0.034375
0 0.778906 0.897656 0.017188 0.045312
0 0.785937 0.914062 0.028125 0.031250
0 0.792188 0.921094 0.034375 0.042188
0 0.812500 0.897656 0.021875 0.029687
0 0.830469 0.880469 0.023438 0.045312
0 0.855469 0.888281 0.032813 0.029687
0 0.853125 0.904687 0.031250 0.031250
0 0.853125 0.931250 0.043750 0.018750
0 0.750781 0.912500 0.032813 0.034375
0 0.730469 0.915625 0.029687 0.040625
0 0.721094 0.950000 0.039062 0.043750
0 0.753125 0.956250 0.031250 0.046875
0 0.736719 0.992188 0.032813 0.012500
0 0.768750 0.989062 0.025000 0.015625
0 0.793750 0.988281 0.021875 0.020313
0 0.813281 0.971875 0.039062 0.031250
0 0.814844 0.949219 0.051562 0.017188
0 0.857031 0.985156 0.017188 0.026562
0 0.828906 0.992969 0.042188 0.010937
0 0.907813 0.985156 0.025000 0.026562
0 0.931250 0.983594 0.015625 0.029687
0 0.949219 0.988281 0.014063 0.020313
0 0.968750 0.978906 0.040625 0.026562
0 0.885938 0.962500 0.028125 0.034375
0 0.983594 0.946875 0.029687 0.028125
0 0.972656 0.922656 0.042188 0.026562
0 0.957031 0.942969 0.020313 0.035937
0 0.978906 0.882812 0.032813 0.046875
0 0.938281 0.925781 0.026562 0.035937
0 0.927344 0.892188 0.014063 0.043750
0 0.880469 0.874219 0.035937 0.035937
0 0.925781 0.957031 0.029687 0.023438
0 0.886719 0.912500 0.020313 0.028125
0 0.910937 0.917188 0.028125 0.018750
0 0.899219 0.934375 0.045312 0.018750
0 0.968750 0.766406 0.018750 0.035937
0 0.967187 0.785156 0.018750 0.035937
0 0.954688 0.805469 0.040625 0.039062
0 0.988281 0.757031 0.020313 0.032813
0 0.985156 0.671094 0.026562 0.048438
0 0.984375 0.633594 0.028125 0.026562
0 0.810156 0.520312 0.020313 0.031250
0 0.900781 0.396094 0.042188 0.042188
0 0.934375 0.408594 0.046875 0.029687
0 0.951562 0.200000 0.046875 0.025000
0 0.983594 0.193750 0.029687 0.046875
0 0.846094 0.083594 0.051562 0.023438
0 0.816406 0.084375 0.039062 0.021875
0 0.847656 0.103125 0.045312 0.021875
0 0.723437 0.876563 0.028125 0.059375