0 0.650000 0.992969 0.050000 0.014063
0 0.357031 0.989844 0.039062 0.020313
0 0.020313 0.986719 0.025000 0.026562
0 0.050000 0.982031 0.018750 0.035937
0 0.678125 0.977344 0.037500 0.035937
0 0.742969 0.976562 0.023438 0.043750
0 0.191406 0.954688 0.042188 0.021875
0 0.297656 0.957812 0.035937 0.031250
0 0.579688 0.930469 0.040625 0.017188
0 0.650781 0.925781 0.042188 0.020313
0 0.517969 0.917969 0.039062 0.017188
0 0.008594 0.917188 0.017188 0.021875
0 0.294531 0.903125 0.029687 0.037500
0 0.586719 0.888281 0.039062 0.026562
0 0.730469 0.894531 0.026562 0.051562
0 0.303125 0.857031 0.031250 0.039062
0 0.160938 0.850781 0.034375 0.035937
0 0.032813 0.843750 0.018750 0.046875
0 0.353906 0.807031 0.032813 0.039062
0 0.130469 0.806250 0.029687 0.040625
0 0.629687 0.783594 0.028125 0.042188
0 0.422656 0.773438 0.054688 0.028125
0 0.540625 0.746875 0.034375 0.034375
0 0.496094 0.722656 0.045312 0.017188
0 0.434375 0.726562 0.034375 0.050000
0 0.034375 0.714844 0.018750 0.045312
0 0.065625 0.711719 0.018750 0.048438
0 0.767969 0.700781 0.029687 0.042188
0 0.595313 0.680469 0.046875 0.020313
0 0.018750 0.685937 0.018750 0.031250
0 0.573438 0.663281 0.037500 0.026562
0 0.711719 0.642188 0.026562 0.046875
0 0.129688 0.620313 0.037500 0.028125
0 0.771875 0.622656 0.025000 0.048438
0 0.178906 0.607031 0.023438 0.017188
0 0.607812 0.609375 0.018750 0.040625
0 0.304688 0.607812 0.021875 0.043750
0 0.095312 0.589844 0.025000 0.029687
0 0.718750 0.595313 0.025000 0.046875
0 0.579688 0.571875 0.040625 0.028125
0 0.756250 0.575000 0.018750 0.043750
0 0.482812 0.548438 0.037500 0.034375
0 0.516406 0.532031 0.039062 0.029687
0 0.146094 0.504687 0.029687 0.034375
0 0.555469 0.501563 0.032813 0.040625
0 0.279687 0.435156 0.018750 0.048438
0 0.397656 0.429688 0.032813 0.046875
0 0.328125 0.412500 0.034375 0.028125
0 0.742969 0.355469 0.020313 0.048438
0 0.716406 0.317188 0.029687 0.040625
0 0.015625 0.285938 0.021875 0.046875
0 0.063281 0.268750 0.032813 0.034375
0 0.402344 0.255469 0.042188 0.020313
0 0.330469 0.260937 0.032813 0.037500
0 0.212500 0.245312 0.037500 0.015625
0 0.284375 0.201563 0.025000 0.043750
0 0.048438 0.187500 0.037500 0.025000
0 0.582812 0.188281 0.021875 0.045312
0 0.422656 0.171875 0.029687 0.034375
0 0.125781 0.161719 0.026562 0.035937
0 0.669531 0.141406 0.039062 0.023438
0 0.559375 0.141406 0.050000 0.029687
0 0.271094 0.135937 0.020313 0.040625
0 0.021094 0.135937 0.017188 0.040625
0 0.046094 0.135156 0.020313 0.042188
0 0.365625 0.132812 0.028125 0.040625
0 0.730469 0.121875 0.042188 0.028125
0 0.519531 0.108594 0.045312 0.023438
0 0.576562 0.107031 0.046875 0.029687
0 0.724219 0.080469 0.026562 0.042188
0 0.259375 0.044531 0.015625 0.029687
0 0.031250 0.040625 0.028125 0.050000
0 0.589844 0.031250 0.035937 0.034375
0 0.422656 0.003906 0.035937 0.007812
0 0.063281 0.014844 0.020313 0.029687
0 0.016406 0.014063 0.026562 0.028125
0 0.663281 0.272656 0.023438 0.054688
0 0.326562 0.015625 0.053125 0.021875
0 0.403906 0.104688 0.035937 0.037500
0 0.374219 0.096094 0.023438 0.048438
0 0.447656 0.162500 0.017188 0.046875
0 0.433594 0.138281 0.039062 0.023438
0 0.463281 0.191406 0.039062 0.026562
0 0.442188 0.207813 0.031250 0.031250
0 0.492969 0.084375 0.035937 0.025000
0 0.464062 0.094531 0.034375 0.026562
0 0.446094 0.070312 0.048438 0.018750
0 0.494531 0.058594 0.039062 0.029687
0 0.437500 0.027344 0.037500 0.039062
0 0.478125 0.017969 0.043750 0.020313
0 0.539062 0.058594 0.021875 0.048438
0 0.566406 0.043750 0.045312 0.031250
0 0.549219 0.014063 0.032813 0.028125
0 0.520312 0.013281 0.025000 0.026562
0 0.799219 0.140625 0.023438 0.034375
0 0.798438 0.079687 0.012500 0.037500
0 0.786719 0.117969 0.020313 0.032813
0 0.771094 0.098437 0.020313 0.040625
0 0.790625 0.032813 0.040625 0.028125
0 0.759375 0.017188 0.025000 0.031250
0 0.707031 0.022656 0.026562 0.032813
0 0.689063 0.016406 0.028125 0.032813
0 0.679688 0.031250 0.025000 0.037500
0 0.690625 0.081250 0.021875 0.037500
0 0.674219 0.067187 0.020313 0.040625
0 0.736719 0.011719 0.029687 0.023438
0 0.767188 0.328125 0.037500 0.025000
0 0.775000 0.353125 0.018750 0.037500
0 0.786719 0.373437 0.020313 0.040625
0 0.788281 0.425781 0.032813 0.026562
0 0.741406 0.422656 0.045312 0.032813
0 0.761719 0.460938 0.032813 0.043750
0 0.709375 0.421094 0.018750 0.048438
0 0.671875 0.425000 0.053125 0.025000
0 0.682813 0.385156 0.031250 0.048438
0 0.657813 0.386719 0.018750 0.048438
0 0.636719 0.401562 0.023438 0.043750
0 0.676562 0.344531 0.034375 0.042188
0 0.685156 0.334375 0.032813 0.028125
0 0.653125 0.443750 0.034375 0.025000
0 0.646094 0.468750 0.045312 0.025000
0 0.639062 0.501563 0.034375 0.037500
0 0.655469 0.503906 0.029687 0.035937
0 0.677344 0.504687 0.032813 0.031250
0 0.684375 0.539844 0.021875 0.045312
0 0.709375 0.525781 0.025000 0.045312
0 0.711719 0.493750 0.035937 0.028125
0 0.710938 0.473438 0.040625 0.025000
0 0.740625 0.525781 0.021875 0.042188
0 0.746094 0.504687 0.039062 0.037500
0 0.606250 0.504687 0.040625 0.025000
0 0.585938 0.453906 0.037500 0.029687
0 0.588281 0.410938 0.042188 0.034375
0 0.542969 0.429688 0.029687 0.040625
0 0.483594 0.503125 0.029687 0.031250
0 0.489063 0.476562 0.034375 0.028125
0 0.514844 0.457813 0.020313 0.037500
0 0.440625 0.407031 0.037500 0.039062
0 0.436719 0.442188 0.048438 0.018750
0 0.449219 0.458594 0.032813 0.017188
0 0.475781 0.381250 0.023438 0.040625
0 0.496094 0.339844 0.017188 0.045312
0 0.475000 0.315625 0.040625 0.025000
0 0.567187 0.279687 0.050000 0.018750
0 0.604688 0.314844 0.021875 0.042188
0 0.639062 0.298438 0.034375 0.037500
0 0.575000 0.332813 0.043750 0.018750
0 0.587500 0.350781 0.050000 0.017188
0 0.578125 0.371875 0.037500 0.015625
0 0.573438 0.305469 0.034375 0.026562
0 0.522656 0.357031 0.029687 0.039062
0 0.508594 0.349219 0.023438 0.039062
0 0.543750 0.356250 0.028125 0.021875
0 0.526563 0.388281 0.025000 0.029687
0 0.508594 0.414844 0.023438 0.032813
0 0.468750 0.425781 0.040625 0.023438
0 0.417187 0.291406 0.043750 0.026562
0 0.451562 0.272656 0.034375 0.035937
0 0.174219 0.196094 0.039062 0.020313
0 0.167187 0.184375 0.043750 0.025000
0 0.122656 0.196094 0.039062 0.023438
0 0.121875 0.232031 0.028125 0.048438
0 0.097656 0.246094 0.029687 0.032813
0 0.105469 0.277344 0.023438 0.042188
0 0.148438 0.342969 0.046875 0.023438
0 0.164844 0.364063 0.042188 0.025000
0 0.246875 0.364063 0.025000 0.031250
0 0.264062 0.376563 0.025000 0.018750
0 0.322656 0.356250 0.023438 0.046875
0 0.336719 0.312500 0.042188 0.021875
0 0.361719 0.363281 0.029687 0.032813
0 0.367188 0.326562 0.028125 0.040625
0 0.223438 0.442188 0.053125 0.021875
0 0.200781 0.417969 0.032813 0.032813
0 0.171094 0.425781 0.039062 0.020313
0 0.133594 0.412500 0.045312 0.037500
0 0.145313 0.445312 0.040625 0.021875
0 0.185938 0.457031 0.040625 0.029687
0 0.200000 0.501563 0.028125 0.046875
0 0.238281 0.617969 0.035937 0.035937
0 0.256250 0.602344 0.021875 0.035937
0 0.262500 0.642188 0.043750 0.025000
0 0.235156 0.659375 0.042188 0.034375
0 0.246875 0.697656 0.012500 0.039062
0 0.280469 0.770312 0.023438 0.046875
0 0.299219 0.772656 0.014063 0.035937
0 0.265625 0.792969 0.034375 0.020313
0 0.236719 0.800000 0.029687 0.040625
0 0.236719 0.775000 0.023438 0.050000
0 0.232031 0.752344 0.042188 0.032813
0 0.210938 0.726562 0.034375 0.040625
0 0.182031 0.717187 0.026562 0.040625
0 0.181250 0.746094 0.025000 0.023438
0 0.192969 0.782031 0.029687 0.042188
0 0.167969 0.770312 0.032813 0.015625
0 0.059375 0.774219 0.043750 0.029687
0 0.040625 0.761719 0.031250 0.026562
0 0.019531 0.766406 0.023438 0.045312
0 0.005469 0.789062 0.010937 0.043750
0 0.007812 0.735938 0.015625 0.031250
0 0.129688 0.929688 0.015625 0.046875
0 0.145313 0.951562 0.021875 0.040625
0 0.131250 0.983594 0.034375 0.029687
0 0.410156 0.903125 0.045312 0.021875
0 0.398438 0.880469 0.025000 0.023438
0 0.384375 0.828125 0.031250 0.037500
0 0.381250 0.790625 0.021875 0.053125
0 0.375000 0.942187 0.043750 0.025000
0 0.410156 0.935937 0.023438 0.043750
0 0.427344 0.969531 0.029687 0.035937
0 0.396875 0.971094 0.040625 0.023438
0 0.412500 0.988281 0.028125 0.020313
0 0.532031 0.957812 0.017188 0.046875
0 0.561719 0.982031 0.042188 0.023438
0 0.595313 0.967969 0.025000 0.048438
0 0.685156 0.818750 0.029687 0.046875
0 0.663281 0.811719 0.035937 0.032813
0 0.667188 0.765625 0.031250 0.046875
0 0.623437 0.725000 0.025000 0.040625
0 0.606250 0.722656 0.025000 0.039062
0 0.760938 0.767188 0.043750 0.028125
0 0.791406 0.746875 0.026562 0.046875
0 0.760938 0.787500 0.050000 0.025000
0 0.782813 0.822656 0.037500 0.039062
0 0.758594 0.856250 0.026562 0.040625
0 0.765625 0.887500 0.018750 0.034375
0 0.782031 0.915625 0.023438 0.053125
0 0.808594 0.944531 0.026562 0.045312
0 0.791406 0.964844 0.020313 0.045312
0 0.817969 0.985156 0.026562 0.023438
0 0.453906 0.659375 0.026562 0.043750
0 0.471875 0.657031 0.025000 0.042188
0 0.492188 0.649219 0.031250 0.042188
0 0.045312 0.587500 0.037500 0.025000
0 0.023438 0.575000 0.034375 0.034375