0 0.860156 0.978906 0.026562 0.042188
0 0.896094 0.944531 0.039062 0.035937
0 0.831250 0.910156 0.040625 0.020313
0 0.075781 0.883594 0.020313 0.045312
0 0.317188 0.863281 0.028125 0.032813
0 0.600000 0.848437 0.050000 0.021875
0 0.544531 0.839063 0.042188 0.018750
0 0.780469 0.806250 0.048438 0.025000
0 0.671094 0.814063 0.017188 0.040625
0 0.875781 0.804688 0.023438 0.037500
0 0.473438 0.792969 0.053125 0.026562
0 0.521094 0.767188 0.032813 0.037500
0 0.053906 0.737500 0.014063 0.034375
0 0.464062 0.725781 0.028125 0.039062
0 0.622656 0.713281 0.026562 0.026562
0 0.172656 0.714844 0.032813 0.039062
0 0.506250 0.700000 0.025000 0.043750
0 0.792969 0.692187 0.039062 0.037500
0 0.566406 0.680469 0.026562 0.032813
0 0.801562 0.647656 0.046875 0.023438
0 0.417187 0.641406 0.053125 0.026562
0 0.360156 0.617188 0.026562 0.043750
0 0.306250 0.591406 0.025000 0.042188
0 0.676562 0.588281 0.021875 0.045312
0 0.571875 0.567187 0.034375 0.034375
0 0.355469 0.567187 0.042188 0.040625
0 0.295312 0.527344 0.031250 0.035937
0 0.257812 0.510938 0.040625 0.021875
0 0.847656 0.504687 0.026562 0.037500
0 0.416406 0.501563 0.020313 0.037500
0 0.121094 0.479687 0.045312 0.028125
0 0.150781 0.462500 0.035937 0.018750
0 0.309375 0.454688 0.037500 0.037500
0 0.566406 0.425781 0.020313 0.035937
0 0.138281 0.418750 0.023438 0.034375
0 0.489063 0.423438 0.028125 0.050000
0 0.286719 0.414844 0.026562 0.035937
0 0.210938 0.407813 0.028125 0.043750
0 0.043750 0.400000 0.043750 0.031250
0 0.814844 0.377344 0.020313 0.054688
0 0.153125 0.364844 0.021875 0.042188
0 0.509375 0.329688 0.040625 0.025000
0 0.192188 0.333594 0.037500 0.032813
0 0.464062 0.314063 0.040625 0.037500
0 0.682031 0.293750 0.042188 0.037500
0 0.819531 0.285156 0.032813 0.023438
0 0.521094 0.257812 0.042188 0.018750
0 0.732031 0.267188 0.035937 0.040625
0 0.556250 0.258594 0.021875 0.045312
0 0.253906 0.239844 0.051562 0.039062
0 0.731250 0.221875 0.046875 0.018750
0 0.425000 0.220312 0.043750 0.028125
0 0.007812 0.187500 0.015625 0.018750
0 0.350000 0.185938 0.021875 0.050000
0 0.502344 0.167969 0.020313 0.035937
0 0.539844 0.146875 0.026562 0.046875
0 0.593750 0.121875 0.028125 0.053125
0 0.221094 0.100781 0.026562 0.048438
0 0.476562 0.086719 0.043750 0.023438
0 0.789062 0.086719 0.040625 0.026562
0 0.499219 0.061719 0.048438 0.020313
0 0.264062 0.053125 0.053125 0.034375
0 0.388281 0.018750 0.035937 0.034375
0 0.797656 0.017969 0.026562 0.035937
0 0.503125 0.365625 0.031250 0.040625
0 0.597656 0.433594 0.020313 0.054688
0 0.609375 0.472656 0.050000 0.032813
0 0.689063 0.432812 0.021875 0.050000
0 0.682813 0.478906 0.031250 0.039062
0 0.756250 0.442969 0.040625 0.035937
0 0.736719 0.322656 0.035937 0.023438
0 0.884375 0.285156 0.037500 0.048438
0 0.876563 0.323437 0.034375 0.046875
0 0.874219 0.372656 0.035937 0.045312
0 0.865625 0.417187 0.021875 0.050000
0 0.889844 0.421875 0.023438 0.053125
0 0.862500 0.553125 0.021875 0.037500
0 0.848437 0.594531 0.037500 0.035937
0 0.730469 0.728906 0.045312 0.023438
0 0.715625 0.696875 0.031250 0.046875
0 0.663281 0.680469 0.035937 0.023438
0 0.685937 0.686719 0.043750 0.023438
0 0.705469 0.803906 0.020313 0.054688
0 0.714063 0.847656 0.031250 0.045312
0 0.791406 0.946094 0.042188 0.039062
0 0.778906 0.968750 0.020313 0.040625
0 0.784375 0.982031 0.028125 0.032813
0 0.750781 0.982031 0.039062 0.032813
0 0.623437 0.938281 0.043750 0.026562
0 0.581250 0.889844 0.028125 0.029687
0 0.613281 0.818750 0.039062 0.015625
0 0.627344 0.778125 0.032813 0.028125
0 0.611719 0.777344 0.032813 0.023438
0 0.603125 0.759375 0.046875 0.015625
0 0.811719 0.853125 0.039062 0.034375
0 0.442969 0.900781 0.039062 0.032813
0 0.431250 0.921875 0.046875 0.021875
0 0.490625 0.898438 0.046875 0.021875
0 0.492969 0.876563 0.045312 0.018750
0 0.320312 0.920312 0.043750 0.028125
0 0.324219 0.896094 0.054688 0.026562
0 0.373437 0.882031 0.034375 0.023438
0 0.219531 0.903125 0.035937 0.025000
0 0.167187 0.839063 0.040625 0.018750
0 0.142969 0.855469 0.032813 0.023438
0 0.096875 0.865625 0.025000 0.034375
0 0.021094 0.928906 0.023438 0.042188
0 0.060156 0.799219 0.026562 0.023438
0 0.039062 0.810156 0.015625 0.042188
0 0.014844 0.825000 0.029687 0.034375
0 0.089063 0.722656 0.025000 0.042188
0 0.103906 0.709375 0.026562 0.046875
0 0.016406 0.610938 0.029687 0.031250
0 0.047656 0.557031 0.017188 0.017188
0 0.055469 0.535937 0.029687 0.040625
0 0.053906 0.510156 0.035937 0.029687
0 0.018750 0.507031 0.031250 0.039062
0 0.067187 0.440625 0.025000 0.040625
0 0.082031 0.410156 0.032813 0.032813
0 0.116406 0.410156 0.014063 0.020313
0 0.122656 0.386719 0.017188 0.035937
0 0.104688 0.373437 0.015625 0.040625
0 0.010937 0.336719 0.021875 0.045312
0 0.010937 0.257812 0.021875 0.028125
0 0.077344 0.164844 0.035937 0.020313
0 0.048438 0.142187 0.034375 0.021875
0 0.167969 0.137500 0.039062 0.034375
0 0.200781 0.167187 0.032813 0.031250
0 0.184375 0.189062 0.034375 0.025000
0 0.213281 0.212500 0.026562 0.040625
0 0.192969 0.241406 0.039062 0.020313
0 0.159375 0.258594 0.037500 0.023438
0 0.202344 0.285156 0.032813 0.032813
0 0.318750 0.364063 0.031250 0.040625
0 0.338281 0.328906 0.029687 0.045312
0 0.285156 0.346875 0.039062 0.018750
0 0.250781 0.335156 0.032813 0.039062
0 0.231250 0.351562 0.037500 0.037500
0 0.424219 0.532813 0.035937 0.031250
0 0.429688 0.565625 0.021875 0.040625
0 0.452344 0.551562 0.020313 0.043750
0 0.496875 0.603125 0.034375 0.040625
0 0.503906 0.640625 0.035937 0.034375
0 0.386719 0.601562 0.029687 0.015625
0 0.403906 0.588281 0.042188 0.020313
0 0.382031 0.710156 0.039062 0.026562
0 0.419531 0.728125 0.029687 0.034375
0 0.413281 0.763281 0.023438 0.045312
0 0.397656 0.842187 0.042188 0.025000
0 0.905469 0.848437 0.020313 0.050000
0 0.792188 0.414062 0.012500 0.037500
0 0.772656 0.424219 0.032813 0.032813
0 0.761719 0.350000 0.020313 0.025000
0 0.739844 0.346094 0.026562 0.023438
0 0.804688 0.433594 0.025000 0.017188
0 0.617188 0.153125 0.031250 0.046875
0 0.631250 0.107813 0.037500 0.028125
0 0.637500 0.085938 0.031250 0.031250
0 0.650781 0.120313 0.039062 0.025000
0 0.698438 0.103906 0.037500 0.039062
0 0.714063 0.125781 0.037500 0.032813
0 0.875781 0.136719 0.029687 0.035937
0 0.896875 0.112500 0.018750 0.043750
0 0.871094 0.082031 0.045312 0.042188
0 0.843750 0.057031 0.037500 0.039062
0 0.886719 0.033594 0.029687 0.051562
0 0.719531 0.054688 0.032813 0.046875
0 0.735156 0.039062 0.032813 0.037500
0 0.758594 0.035156 0.023438 0.039062
0 0.756250 0.014063 0.028125 0.028125
0 0.651563 0.452344 0.025000 0.032813
0 0.353906 0.415625 0.042188 0.034375
0 0.389844 0.130469 0.045312 0.032813
0 0.385156 0.109375 0.048438 0.018750
0 0.130469 0.875000 0.029687 0.021875
0 0.122656 0.890625 0.029687 0.012500
0 0.141406 0.900781 0.026562 0.023438
0 0.057031 0.856250 0.026562 0.034375
0 0.039062 0.878906 0.037500 0.020313
0 0.216406 0.825781 0.026562 0.039062
0 0.201563 0.796875 0.025000 0.040625
0 0.279687 0.630469 0.031250 0.029687
0 0.266406 0.598437 0.029687 0.034375
0 0.557031 0.378125 0.020313 0.046875
0 0.489844 0.232031 0.048438 0.020313
0 0.276562 0.843750 0.034375 0.056250