0 0.629687 0.642188 0.034375 0.028125
0 0.560937 0.384375 0.040625 0.031250
0 0.711719 0.107813 0.039062 0.043750
0 0.979688 0.583594 0.025000 0.045312
0 0.785937 0.042188 0.031250 0.040625
0 0.107031 0.378906 0.029687 0.045312
0 0.680469 0.354687 0.042188 0.028125
0 0.842187 0.775000 0.021875 0.040625
0 0.684375 0.530469 0.025000 0.045312
0 0.025781 0.152344 0.026562 0.042188
0 0.932031 0.853906 0.039062 0.032813
0 0.489063 0.207031 0.053125 0.029687
0 0.941406 0.089844 0.029687 0.045312
0 0.442188 0.816406 0.053125 0.032813
0 0.125781 0.667969 0.029687 0.042188
0 0.073438 0.736719 0.040625 0.026562
0 0.589844 0.732812 0.029687 0.050000
0 0.478906 0.870313 0.026562 0.046875
0 0.651563 0.911719 0.050000 0.023438
0 0.749219 0.124219 0.023438 0.035937
0 0.030469 0.800781 0.048438 0.023438
0 0.702344 0.634375 0.042188 0.031250
0 0.478125 0.598437 0.031250 0.040625
0 0.696875 0.311719 0.046875 0.023438
0 0.614844 0.879687 0.042188 0.031250
0 0.953906 0.224219 0.042188 0.020313
0 0.741406 0.882812 0.048438 0.034375
0 0.509375 0.109375 0.031250 0.040625
0 0.092969 0.478125 0.029687 0.043750
0 0.496875 0.482812 0.040625 0.025000
0 0.057813 0.643750 0.043750 0.021875
0 0.718750 0.394531 0.034375 0.042188
0 0.439844 0.596094 0.035937 0.035937
0 0.864062 0.091406 0.031250 0.048438
0 0.794531 0.617969 0.042188 0.023438
0 0.864062 0.194531 0.043750 0.039062
0 0.747656 0.778125 0.032813 0.040625
0 0.518750 0.157812 0.034375 0.046875
0 0.771094 0.453125 0.032813 0.046875
0 0.131250 0.114062 0.034375 0.031250
0 0.103125 0.792188 0.031250 0.034375
0 0.384375 0.771875 0.040625 0.037500
0 0.971094 0.664844 0.035937 0.032813
0 0.114844 0.075000 0.054688 0.025000
0 0.484375 0.038281 0.043750 0.032813
0 0.627344 0.106250 0.045312 0.031250
0 0.802344 0.816406 0.026562 0.035937
0 0.503125 0.639844 0.037500 0.035937
0 0.382031 0.910156 0.039062 0.029687
0 0.571094 0.449219 0.029687 0.042188
0 0.967187 0.425781 0.028125 0.032813
0 0.014063 0.650000 0.028125 0.028125
0 0.044531 0.077344 0.045312 0.023438
0 0.810937 0.666406 0.025000 0.042188
0 0.624219 0.452344 0.045312 0.032813
0 0.514062 0.712500 0.037500 0.031250
0 0.670312 0.119531 0.043750 0.045312
0 0.414844 0.054688 0.032813 0.053125
0 0.849219 0.650781 0.042188 0.023438
0 0.464844 0.534375 0.045312 0.031250
0 0.586719 0.930469 0.035937 0.035937
0 0.670312 0.019531 0.025000 0.039062
0 0.699219 0.857031 0.048438 0.020313
0 0.072656 0.282813 0.035937 0.018750
0 0.899219 0.899219 0.035937 0.032813
0 0.088281 0.048438 0.051562 0.021875
0 0.816406 0.857812 0.020313 0.046875
0 0.763281 0.581250 0.020313 0.046875
0 0.071875 0.089844 0.031250 0.045312
0 0.460156 0.086719 0.035937 0.032813
0 0.989062 0.239844 0.021875 0.029687
0 0.025000 0.228125 0.021875 0.050000
0 0.940625 0.590625 0.043750 0.031250
0 0.769531 0.231250 0.035937 0.031250
0 0.111719 0.984375 0.035937 0.031250
0 0.447656 0.759375 0.035937 0.043750
0 0.143750 0.928906 0.037500 0.020313
0 0.633594 0.478906 0.042188 0.023438
0 0.607031 0.228125 0.045312 0.034375
0 0.842969 0.125000 0.045312 0.025000
0 0.808594 0.706250 0.029687 0.037500
0 0.467187 0.709375 0.046875 0.021875
0 0.933594 0.656250 0.039062 0.037500
0 0.053125 0.013281 0.034375 0.026562
0 0.485938 0.774219 0.037500 0.035937
0 0.642969 0.753906 0.045312 0.023438
0 0.134375 0.800781 0.025000 0.032813
0 0.553125 0.896094 0.031250 0.045312
0 0.046094 0.671875 0.026562 0.037500
0 0.012500 0.962500 0.025000 0.025000
0 0.555469 0.939063 0.023438 0.040625
0 0.013281 0.881250 0.026562 0.034375
0 0.548438 0.282031 0.025000 0.042188
0 0.506250 0.748437 0.037500 0.034375
0 0.644531 0.396094 0.042188 0.029687
0 0.783594 0.803906 0.032813 0.045312
0 0.053906 0.425000 0.045312 0.031250
0 0.477344 0.058594 0.048438 0.023438
0 0.038281 0.978906 0.023438 0.035937
0 0.749219 0.196875 0.026562 0.040625
0 0.560156 0.725000 0.020313 0.043750
0 0.439063 0.700781 0.043750 0.039062
0 0.475000 0.966406 0.028125 0.035937
0 0.019531 0.415625 0.026562 0.031250
0 0.085156 0.905469 0.042188 0.017188
0 0.559375 0.244531 0.034375 0.042188
0 0.042188 0.492969 0.028125 0.039062
0 0.062500 0.970313 0.025000 0.040625
0 0.957812 0.686719 0.046875 0.020313
0 0.838281 0.682031 0.026562 0.042188
0 0.032813 0.192969 0.043750 0.020313
0 0.367969 0.694531 0.035937 0.042188
0 0.951562 0.707031 0.050000 0.020313
0 0.432031 0.257031 0.045312 0.020313
0 0.951562 0.629687 0.031250 0.028125
0 0.139063 0.760156 0.018750 0.048438
0 0.490625 0.136719 0.021875 0.051562
0 0.905469 0.476562 0.020313 0.028125
0 0.888281 0.864062 0.048438 0.021875
0 0.428906 0.192969 0.032813 0.039062
0 0.834375 0.718750 0.021875 0.043750
0 0.396875 0.977344 0.040625 0.017188
0 0.607812 0.768750 0.037500 0.031250
0 0.531250 0.977344 0.037500 0.029687
0 0.716406 0.006250 0.045312 0.012500
0 0.597656 0.959375 0.048438 0.028125
0 0.959375 0.803125 0.037500 0.031250
0 0.431250 0.294531 0.046875 0.023438
0 0.884375 0.725000 0.025000 0.043750
0 0.535937 0.721875 0.025000 0.034375
0 0.439063 0.553125 0.031250 0.028125
0 0.425000 0.533594 0.018750 0.042188
0 0.010156 0.062500 0.020313 0.031250
0 0.360156 0.887500 0.026562 0.050000
0 0.728125 0.913281 0.043750 0.020313
0 0.678906 0.703125 0.032813 0.040625
0 0.020313 0.475781 0.021875 0.045312
0 0.777344 0.907813 0.035937 0.028125
0 0.633594 0.777344 0.042188 0.017188
0 0.488281 0.671094 0.029687 0.017188
0 0.872656 0.852344 0.042188 0.020313
0 0.153906 0.082812 0.017188 0.050000
0 0.157031 0.848437 0.017188 0.040625
0 0.424219 0.344531 0.020313 0.045312
0 0.670312 0.782031 0.025000 0.048438
0 0.037500 0.946094 0.018750 0.039062
0 0.750781 0.435156 0.017188 0.035937
0 0.992969 0.824219 0.014063 0.035937
0 0.669531 0.220312 0.020313 0.034375
0 0.692187 0.246094 0.025000 0.020313
0 0.006250 0.013281 0.012500 0.026562
0 0.621094 0.422656 0.029687 0.035937
0 0.585938 0.271875 0.028125 0.037500
0 0.921094 0.633594 0.042188 0.017188
0 0.407813 0.233594 0.028125 0.042188
0 0.661719 0.245312 0.042188 0.021875
0 0.704688 0.729688 0.025000 0.028125
0 0.010937 0.313281 0.021875 0.020313
0 0.802344 0.348438 0.026562 0.040625
0 0.424219 0.157812 0.020313 0.050000
0 0.738281 0.240625 0.020313 0.050000
0 0.993750 0.189844 0.012500 0.032813
0 0.704688 0.783594 0.028125 0.035937
0 0.021094 0.006250 0.023438 0.012500
0 0.957812 0.821875 0.028125 0.031250
0 0.708594 0.698438 0.029687 0.053125
0 0.421875 0.307812 0.025000 0.028125
0 0.683594 0.267188 0.045312 0.021875
0 0.167969 0.790625 0.017188 0.043750
0 0.129688 0.300000 0.021875 0.043750
0 0.421875 0.013281 0.025000 0.026562
0 0.769531 0.250000 0.035937 0.018750
0 0.359375 0.823438 0.021875 0.031250
0 0.443750 0.144531 0.015625 0.035937
0 0.552344 0.050781 0.020313 0.017188
0 0.680469 0.730469 0.026562 0.035937
0 0.778125 0.356250 0.034375 0.025000
0 0.500781 0.978125 0.039062 0.015625
0 0.460938 0.141406 0.018750 0.039062
0 0.039062 0.443750 0.040625 0.018750
0 0.546094 0.421875 0.017188 0.021875
0 0.557031 0.987500 0.042188 0.021875
0 0.009375 0.445312 0.018750 0.034375
0 0.708594 0.763281 0.026562 0.039062
0 0.111719 0.877344 0.023438 0.032813
0 0.064844 0.864844 0.026562 0.035937
0 0.415625 0.738281 0.040625 0.023438
0 0.391406 0.732812 0.045312 0.028125
0 0.385937 0.719531 0.034375 0.026562
0 0.392188 0.832812 0.018750 0.018750
0 0.893750 0.702344 0.037500 0.039062
0 0.903906 0.694531 0.029687 0.042188
0 0.786719 0.540625 0.023438 0.034375
0 0.805469 0.520312 0.023438 0.025000
0 0.685937 0.459375 0.021875 0.021875
0 0.452344 0.170313 0.020313 0.034375