0 0.232813 0.992969 0.037500 0.014063
0 0.671875 0.987500 0.071875 0.025000
0 0.108594 0.985156 0.023438 0.029687
0 0.372656 0.960156 0.045312 0.023438
0 0.539062 0.959375 0.056250 0.031250
0 0.057813 0.939844 0.040625 0.026562
0 0.344531 0.916406 0.048438 0.026562
0 0.067969 0.914062 0.042188 0.040625
0 0.259375 0.875000 0.018750 0.028125
0 0.172656 0.862500 0.029687 0.028125
0 0.382812 0.864844 0.021875 0.045312
0 0.346094 0.850000 0.035937 0.028125
0 0.451562 0.847656 0.021875 0.048438
0 0.281250 0.800000 0.031250 0.040625
0 0.389062 0.792969 0.028125 0.035937
0 0.685156 0.784375 0.045312 0.034375
0 0.021094 0.776563 0.023438 0.034375
0 0.371094 0.774219 0.032813 0.039062
0 0.495312 0.754687 0.028125 0.025000
0 0.158594 0.753125 0.045312 0.021875
0 0.100000 0.764844 0.021875 0.045312
0 0.433594 0.746875 0.042188 0.043750
0 0.386719 0.717969 0.017188 0.026562
0 0.524219 0.725000 0.020313 0.043750
0 0.626563 0.674219 0.037500 0.023438
0 0.367188 0.654687 0.034375 0.021875
0 0.703906 0.640625 0.035937 0.015625
0 0.501563 0.640625 0.043750 0.018750
0 0.614844 0.620313 0.032813 0.043750
0 0.283594 0.589844 0.026562 0.026562
0 0.598437 0.582031 0.043750 0.020313
0 0.125000 0.591406 0.031250 0.039062
0 0.412500 0.564063 0.046875 0.025000
0 0.100781 0.556250 0.020313 0.040625
0 0.232813 0.554688 0.031250 0.053125
0 0.610938 0.539844 0.043750 0.026562
0 0.545312 0.539062 0.046875 0.028125
0 0.397656 0.513281 0.042188 0.032813
0 0.645312 0.482031 0.040625 0.026562
0 0.278906 0.467187 0.017188 0.043750
0 0.114844 0.433594 0.020313 0.048438
0 0.592969 0.407031 0.029687 0.017188
0 0.685156 0.370312 0.032813 0.034375
0 0.751563 0.365625 0.050000 0.031250
0 0.439063 0.357031 0.040625 0.020313
0 0.571094 0.363281 0.029687 0.045312
0 0.310156 0.326562 0.026562 0.043750
0 0.156250 0.300781 0.037500 0.020313
0 0.703906 0.263281 0.020313 0.045312
0 0.189844 0.245312 0.039062 0.031250
0 0.475000 0.228906 0.040625 0.026562
0 0.522656 0.220312 0.020313 0.043750
0 0.098437 0.200000 0.034375 0.021875
0 0.479687 0.167969 0.031250 0.048438
0 0.118750 0.136719 0.043750 0.020313
0 0.527344 0.100000 0.035937 0.034375
0 0.565625 0.101562 0.021875 0.046875
0 0.030469 0.059375 0.014063 0.018750
0 0.427344 0.057031 0.042188 0.023438
0 0.055469 0.056250 0.039062 0.040625
0 0.190625 0.049219 0.031250 0.035937
0 0.721094 0.024219 0.039062 0.020313
0 0.524219 0.025000 0.029687 0.043750
0 0.695312 0.005469 0.025000 0.010937
0 0.371875 0.020313 0.037500 0.040625
0 0.162500 0.024219 0.034375 0.048438
0 0.685156 0.123438 0.026562 0.040625
0 0.670312 0.128125 0.025000 0.056250
0 0.594531 0.232031 0.023438 0.057813
0 0.619531 0.225000 0.020313 0.059375
0 0.633594 0.250781 0.029687 0.057813
0 0.654687 0.267188 0.025000 0.056250
0 0.772656 0.321875 0.039062 0.037500
0 0.779687 0.407813 0.028125 0.050000
0 0.771094 0.461719 0.020313 0.039062
0 0.746094 0.436719 0.051562 0.026562
0 0.717187 0.417969 0.040625 0.048438
0 0.680469 0.397656 0.035937 0.042188
0 0.671094 0.435156 0.026562 0.035937
0 0.639062 0.439063 0.043750 0.037500
0 0.629687 0.414844 0.034375 0.051562
0 0.620313 0.354687 0.050000 0.034375
0 0.598437 0.332813 0.021875 0.046875
0 0.631250 0.317188 0.043750 0.043750
0 0.549219 0.420312 0.048438 0.021875
0 0.524219 0.446875 0.023438 0.034375
0 0.505469 0.456250 0.029687 0.050000
0 0.551562 0.469531 0.046875 0.020313
0 0.559375 0.484375 0.050000 0.025000
0 0.439063 0.429688 0.046875 0.021875
0 0.430469 0.421094 0.045312 0.023438
0 0.389844 0.417969 0.042188 0.032813
0 0.268750 0.373437 0.031250 0.034375
0 0.250000 0.374219 0.034375 0.045312
0 0.308594 0.395313 0.026562 0.025000
0 0.335938 0.319531 0.034375 0.029687
0 0.321875 0.293750 0.053125 0.031250
0 0.445312 0.280469 0.043750 0.032813
0 0.417187 0.263281 0.015625 0.042188
0 0.417187 0.232031 0.028125 0.029687
0 0.440625 0.256250 0.031250 0.034375
0 0.437500 0.238281 0.015625 0.032813
0 0.340625 0.128906 0.018750 0.017188
0 0.345313 0.112500 0.037500 0.034375
0 0.342969 0.076563 0.042188 0.034375
0 0.318750 0.056250 0.028125 0.034375
0 0.451562 0.025781 0.025000 0.029687
0 0.258594 0.147656 0.020313 0.026562
0 0.339062 0.005469 0.040625 0.010937
0 0.546875 0.138281 0.018750 0.029687
0 0.446094 0.507812 0.020313 0.037500
0 0.208594 0.773438 0.035937 0.028125
0 0.251563 0.760156 0.021875 0.026562
0 0.294531 0.713281 0.020313 0.051562
0 0.325781 0.680469 0.045312 0.026562
0 0.296875 0.653125 0.034375 0.050000
0 0.031250 0.569531 0.034375 0.026562
0 0.080469 0.571875 0.023438 0.037500
0 0.103125 0.669531 0.028125 0.051562
0 0.082031 0.633594 0.032813 0.032813
0 0.033594 0.621094 0.023438 0.057813
0 0.037500 0.589844 0.018750 0.017188
0 0.078906 0.600000 0.032813 0.015625
0 0.053125 0.608594 0.040625 0.032813
0 0.121875 0.675781 0.021875 0.048438
0 0.146094 0.686719 0.032813 0.048438
0 0.139063 0.709375 0.034375 0.040625
0 0.114844 0.714844 0.032813 0.023438
0 0.004687 0.710156 0.009375 0.042188
0 0.072656 0.857031 0.032813 0.045312
0 0.047656 0.796094 0.026562 0.045312
0 0.035156 0.810937 0.048438 0.018750
0 0.036719 0.853906 0.042188 0.026562
0 0.209375 0.963281 0.021875 0.045312
0 0.196094 0.981250 0.032813 0.034375
0 0.179688 0.989844 0.018750 0.017188
0 0.028125 0.991406 0.015625 0.014063
0 0.025781 0.898438 0.014063 0.018750
0 0.260937 0.925000 0.028125 0.021875
0 0.232813 0.922656 0.028125 0.042188
0 0.255469 0.952344 0.039062 0.017188
0 0.278125 0.942187 0.025000 0.043750
0 0.671875 0.852344 0.031250 0.039062
0 0.599219 0.882031 0.029687 0.039062
0 0.547656 0.814063 0.032813 0.025000
0 0.547656 0.796875 0.032813 0.034375
0 0.565625 0.796875 0.025000 0.046875
0 0.569531 0.764062 0.042188 0.037500
0 0.599219 0.814844 0.032813 0.032813
0 0.621094 0.821094 0.014063 0.039062
0 0.637500 0.817969 0.018750 0.029687
0 0.674219 0.803906 0.029687 0.023438
0 0.641406 0.797656 0.042188 0.023438
0 0.647656 0.778906 0.023438 0.039062
0 0.650000 0.842187 0.025000 0.050000
0 0.658594 0.572656 0.048438 0.029687
0 0.664062 0.607031 0.028125 0.048438
0 0.787500 0.635938 0.031250 0.043750
0 0.752344 0.647656 0.035937 0.032813
0 0.759375 0.667188 0.025000 0.031250
0 0.778125 0.777344 0.018750 0.045312
0 0.082031 0.233594 0.039062 0.020313
0 0.057031 0.225000 0.045312 0.037500
0 0.042188 0.217188 0.021875 0.018750
0 0.052344 0.257031 0.057813 0.023438
0 0.622656 0.027344 0.023438 0.054688
0 0.596875 0.009375 0.040625 0.018750
0 0.075000 0.117188 0.021875 0.025000
0 0.111719 0.053125 0.035937 0.037500
0 0.107813 0.031250 0.043750 0.037500
0 0.040625 0.009375 0.025000 0.018750