0 0.185938 0.991406 0.043750 0.017188
0 0.260937 0.986719 0.043750 0.026562
0 0.559375 0.985156 0.031250 0.029687
0 0.068750 0.978906 0.034375 0.042188
0 0.670312 0.960156 0.040625 0.020313
0 0.810937 0.945312 0.043750 0.031250
0 0.541406 0.948438 0.032813 0.037500
0 0.880469 0.937500 0.039062 0.025000
0 0.614844 0.931250 0.023438 0.043750
0 0.276562 0.914844 0.043750 0.017188
0 0.669531 0.902344 0.032813 0.029687
0 0.452344 0.900000 0.042188 0.034375
0 0.104688 0.896875 0.018750 0.043750
0 0.735938 0.854688 0.046875 0.025000
0 0.460156 0.854688 0.032813 0.040625
0 0.288281 0.834375 0.023438 0.046875
0 0.210156 0.810156 0.029687 0.039062
0 0.707031 0.802344 0.048438 0.026562
0 0.628906 0.799219 0.026562 0.045312
0 0.231250 0.766406 0.028125 0.035937
0 0.092969 0.770312 0.026562 0.043750
0 0.688281 0.764844 0.045312 0.035937
0 0.346875 0.764844 0.021875 0.045312
0 0.262500 0.728125 0.034375 0.034375
0 0.925000 0.724219 0.028125 0.035937
0 0.692969 0.718750 0.042188 0.028125
0 0.469531 0.692969 0.051562 0.020313
0 0.050781 0.703906 0.020313 0.045312
0 0.324219 0.695312 0.029687 0.043750
0 0.614062 0.673438 0.021875 0.050000
0 0.358594 0.666406 0.039062 0.035937
0 0.704688 0.639844 0.040625 0.020313
0 0.143750 0.616406 0.031250 0.042188
0 0.972656 0.565625 0.026562 0.040625
0 0.411719 0.549219 0.035937 0.039062
0 0.618750 0.538281 0.037500 0.035937
0 0.850000 0.532813 0.025000 0.053125
0 0.366406 0.513281 0.045312 0.023438
0 0.960156 0.519531 0.029687 0.045312
0 0.332813 0.485156 0.046875 0.026562
0 0.694531 0.484375 0.020313 0.043750
0 0.407031 0.483594 0.017188 0.045312
0 0.464062 0.464844 0.043750 0.026562
0 0.396875 0.439844 0.046875 0.029687
0 0.497656 0.436719 0.054688 0.026562
0 0.739844 0.428125 0.026562 0.034375
0 0.301563 0.423438 0.046875 0.028125
0 0.345313 0.424219 0.043750 0.032813
0 0.798438 0.421094 0.031250 0.042188
0 0.374219 0.402344 0.045312 0.023438
0 0.512500 0.403125 0.050000 0.034375
0 0.090625 0.391406 0.046875 0.023438
0 0.803125 0.364844 0.046875 0.029687
0 0.882031 0.355469 0.032813 0.029687
0 0.297656 0.348438 0.026562 0.043750
0 0.475000 0.347656 0.037500 0.048438
0 0.082812 0.333594 0.040625 0.023438
0 0.213281 0.343750 0.026562 0.046875
0 0.935937 0.325781 0.040625 0.020313
0 0.990625 0.301563 0.018750 0.021875
0 0.206250 0.290625 0.040625 0.018750
0 0.869531 0.307812 0.032813 0.059375
0 0.591406 0.286719 0.039062 0.020313
0 0.562500 0.270313 0.018750 0.021875
0 0.680469 0.271094 0.035937 0.026562
0 0.609375 0.252344 0.043750 0.029687
0 0.505469 0.242188 0.029687 0.046875
0 0.826562 0.229687 0.040625 0.025000
0 0.467969 0.232813 0.039062 0.040625
0 0.285156 0.222656 0.045312 0.020313
0 0.489844 0.191406 0.017188 0.035937
0 0.794531 0.195312 0.020313 0.046875
0 0.923438 0.162500 0.046875 0.018750
0 0.388281 0.161719 0.026562 0.042188
0 0.989844 0.153125 0.020313 0.037500
0 0.736719 0.145313 0.042188 0.028125
0 0.470313 0.107031 0.037500 0.035937
0 0.643750 0.100781 0.018750 0.042188
0 0.784375 0.100781 0.021875 0.051562
0 0.876563 0.096875 0.018750 0.046875
0 0.920312 0.053125 0.034375 0.021875
0 0.460938 0.048438 0.028125 0.043750
0 0.832031 0.010937 0.045312 0.021875
0 0.274219 0.014063 0.035937 0.028125
0 0.367969 0.275000 0.035937 0.034375
0 0.392188 0.286719 0.034375 0.029687
0 0.394531 0.303125 0.045312 0.021875
0 0.388281 0.338281 0.032813 0.042188
0 0.422656 0.339844 0.035937 0.039062
0 0.440625 0.373437 0.034375 0.034375
0 0.463281 0.392188 0.023438 0.053125
0 0.346094 0.331250 0.042188 0.034375
0 0.328125 0.361719 0.043750 0.020313
0 0.327344 0.346875 0.032813 0.018750
0 0.359375 0.306250 0.021875 0.028125
0 0.263281 0.324219 0.035937 0.051562
0 0.190625 0.242188 0.034375 0.043750
0 0.155469 0.253125 0.032813 0.021875
0 0.182031 0.207813 0.023438 0.040625
0 0.146094 0.221875 0.039062 0.040625
0 0.155469 0.178906 0.045312 0.014063
0 0.110937 0.194531 0.050000 0.020313
0 0.115625 0.222656 0.025000 0.032813
0 0.096875 0.220312 0.021875 0.037500
0 0.080469 0.210156 0.014063 0.045312
0 0.207813 0.182812 0.050000 0.031250
0 0.238281 0.171875 0.048438 0.015625
0 0.246094 0.138281 0.026562 0.039062
0 0.221875 0.155469 0.028125 0.020313
0 0.202344 0.132031 0.029687 0.032813
0 0.205469 0.106250 0.017188 0.021875
0 0.224219 0.110937 0.035937 0.021875
0 0.221094 0.081250 0.029687 0.028125
0 0.225000 0.058594 0.021875 0.029687
0 0.257812 0.061719 0.037500 0.023438
0 0.259375 0.042969 0.028125 0.020313
0 0.286719 0.051562 0.039062 0.034375
0 0.282813 0.088281 0.037500 0.032813
0 0.279687 0.153125 0.021875 0.037500
0 0.308594 0.150781 0.039062 0.032813
0 0.348438 0.132812 0.031250 0.043750
0 0.368750 0.110937 0.040625 0.018750
0 0.396094 0.108594 0.017188 0.045312
0 0.392969 0.021094 0.020313 0.039062
0 0.339062 0.023438 0.034375 0.031250
0 0.366406 0.007031 0.035937 0.014063
0 0.421094 0.010156 0.035937 0.020313
0 0.448437 0.006250 0.028125 0.012500
0 0.333594 0.003906 0.023438 0.007812
0 0.635156 0.055469 0.017188 0.042188
0 0.622656 0.035156 0.017188 0.039062
0 0.605469 0.062500 0.039062 0.021875
0 0.585938 0.074219 0.037500 0.035937
0 0.680469 0.096875 0.048438 0.018750
0 0.684375 0.121875 0.034375 0.031250
0 0.701562 0.075000 0.034375 0.021875
0 0.689063 0.070312 0.034375 0.028125
0 0.728906 0.059375 0.023438 0.050000
0 0.814844 0.062500 0.023438 0.031250
0 0.842187 0.051562 0.025000 0.043750
0 0.803125 0.147656 0.034375 0.035937
0 0.775000 0.150000 0.018750 0.043750
0 0.819531 0.158594 0.023438 0.029687
0 0.907813 0.396094 0.021875 0.035937
0 0.885156 0.421094 0.042188 0.029687
0 0.863281 0.435937 0.039062 0.025000
0 0.933594 0.432031 0.045312 0.023438
0 0.950000 0.392969 0.018750 0.048438
0 0.975781 0.393750 0.032813 0.021875
0 0.971094 0.349219 0.042188 0.026562
0 0.963281 0.447656 0.020313 0.048438
0 0.870313 0.480469 0.037500 0.035937
0 0.884375 0.507031 0.028125 0.035937
0 0.894531 0.533594 0.042188 0.026562
0 0.888281 0.652344 0.029687 0.042188
0 0.898438 0.682031 0.025000 0.035937
0 0.985938 0.674219 0.025000 0.039062
0 0.864062 0.713281 0.040625 0.020313
0 0.839063 0.700781 0.043750 0.032813
0 0.821875 0.746875 0.037500 0.034375
0 0.860156 0.771094 0.035937 0.035937
0 0.906250 0.791406 0.043750 0.023438
0 0.957031 0.804688 0.039062 0.018750
0 0.925000 0.828906 0.028125 0.042188
0 0.894531 0.814844 0.026562 0.039062
0 0.848437 0.803125 0.046875 0.021875
0 0.887500 0.853906 0.018750 0.045312
0 0.853125 0.890625 0.012500 0.046875
0 0.864844 0.884375 0.014063 0.050000
0 0.819531 0.878125 0.042188 0.021875
0 0.795312 0.896875 0.028125 0.028125
0 0.767188 0.911719 0.037500 0.026562
0 0.782031 0.925781 0.029687 0.029687
0 0.574219 0.821875 0.042188 0.031250
0 0.531250 0.800781 0.050000 0.017188
0 0.557813 0.785156 0.040625 0.017188
0 0.589063 0.788281 0.037500 0.023438
0 0.575000 0.749219 0.021875 0.051562
0 0.564844 0.710156 0.039062 0.026562
0 0.558594 0.720313 0.023438 0.015625
0 0.534375 0.725000 0.046875 0.028125
0 0.575781 0.690625 0.042188 0.028125
0 0.557813 0.659375 0.034375 0.031250
0 0.525781 0.660937 0.039062 0.028125
0 0.518750 0.635156 0.028125 0.035937
0 0.489063 0.633594 0.037500 0.035937
0 0.489844 0.559375 0.023438 0.040625
0 0.461719 0.537500 0.026562 0.028125
0 0.438281 0.520312 0.035937 0.018750
0 0.597656 0.589063 0.039062 0.037500
0 0.616406 0.608594 0.048438 0.026562
0 0.653906 0.500000 0.039062 0.034375
0 0.594531 0.492969 0.032813 0.020313
0 0.613281 0.510156 0.035937 0.014063
0 0.780469 0.601562 0.032813 0.034375
0 0.743750 0.595313 0.018750 0.040625
0 0.760156 0.613281 0.020313 0.029687
0 0.788281 0.752344 0.017188 0.048438
0 0.767188 0.765625 0.028125 0.037500
0 0.759375 0.729688 0.028125 0.050000
0 0.719531 0.321094 0.045312 0.017188
0 0.673438 0.327344 0.050000 0.023438
0 0.674219 0.357812 0.032813 0.025000
0 0.666406 0.236719 0.060937 0.032813
0 0.680469 0.192969 0.026562 0.051562
0 0.544531 0.873437 0.020313 0.050000
0 0.520312 0.920312 0.037500 0.043750
0 0.502344 0.880469 0.020313 0.048438
0 0.487500 0.884375 0.018750 0.040625
0 0.401562 0.916406 0.046875 0.017188
0 0.364063 0.934375 0.037500 0.034375
0 0.327344 0.941406 0.023438 0.035937
0 0.303125 0.935937 0.043750 0.028125
0 0.131250 0.975781 0.040625 0.023438
0 0.140625 0.991406 0.031250 0.014063
0 0.166406 0.843750 0.029687 0.040625
0 0.175781 0.818750 0.035937 0.025000
0 0.134375 0.732812 0.043750 0.034375
0 0.112500 0.685937 0.034375 0.031250
0 0.099219 0.731250 0.023438 0.050000
0 0.076563 0.713281 0.028125 0.048438
0 0.019531 0.699219 0.023438 0.048438
0 0.034375 0.667188 0.018750 0.043750
0 0.021094 0.637500 0.035937 0.043750
0 0.025781 0.566406 0.020313 0.048438
0 0.080469 0.596094 0.039062 0.032813
0 0.107031 0.563281 0.020313 0.051562
0 0.123438 0.539062 0.034375 0.040625
0 0.089063 0.507031 0.034375 0.032813
0 0.158594 0.538281 0.045312 0.032813
0 0.172656 0.568750 0.032813 0.037500
0 0.195312 0.554688 0.018750 0.040625
0 0.211719 0.617188 0.045312 0.031250
0 0.181250 0.642188 0.025000 0.043750
0 0.225000 0.661719 0.046875 0.026562
0 0.260937 0.680469 0.025000 0.045312
0 0.278906 0.676562 0.029687 0.031250
0 0.277344 0.653125 0.029687 0.037500
0 0.297656 0.754687 0.035937 0.040625
0 0.301563 0.781250 0.018750 0.021875
0 0.321875 0.769531 0.018750 0.045312
0 0.313281 0.806250 0.048438 0.031250
0 0.349219 0.825000 0.023438 0.043750
0 0.425000 0.793750 0.018750 0.050000
0 0.405469 0.792188 0.026562 0.031250
0 0.468750 0.758594 0.037500 0.042188
0 0.424219 0.728125 0.023438 0.040625
0 0.396875 0.718750 0.034375 0.021875
0 0.385937 0.745313 0.046875 0.028125
0 0.406250 0.763281 0.021875 0.035937
0 0.235156 0.436719 0.035937 0.023438
0 0.207813 0.443750 0.028125 0.043750
0 0.187500 0.417187 0.018750 0.050000
0 0.165625 0.423438 0.031250 0.031250
0 0.180469 0.473438 0.045312 0.021875
0 0.161719 0.488281 0.035937 0.032813
0 0.121094 0.462500 0.042188 0.015625
0 0.124219 0.442188 0.039062 0.034375
0 0.093750 0.429688 0.043750 0.034375
0 0.085156 0.472656 0.045312 0.026562
0 0.042188 0.471094 0.031250 0.039062
0 0.061719 0.443750 0.048438 0.021875
0 0.021094 0.446875 0.026562 0.043750
0 0.157031 0.391406 0.020313 0.045312
0 0.137500 0.367969 0.037500 0.029687
0 0.042969 0.390625 0.039062 0.034375
0 0.062500 0.359375 0.040625 0.025000
0 0.125000 0.334375 0.040625 0.034375
0 0.160938 0.328125 0.043750 0.021875
0 0.107813 0.290625 0.025000 0.046875
0 0.084375 0.289844 0.021875 0.042188
0 0.066406 0.297656 0.020313 0.039062
0 0.033594 0.296094 0.029687 0.039062
0 0.017969 0.337500 0.017188 0.040625
0 0.031250 0.347656 0.012500 0.045312
0 0.062500 0.264062 0.043750 0.034375
0 0.060937 0.250781 0.025000 0.020313
0 0.040625 0.250000 0.031250 0.031250
0 0.036719 0.228906 0.026562 0.032813
0 0.028125 0.203906 0.018750 0.035937
0 0.028906 0.173437 0.045312 0.021875
0 0.064062 0.223438 0.028125 0.034375
0 0.049219 0.192188 0.039062 0.018750
0 0.061719 0.165625 0.029687 0.031250
0 0.009375 0.209375 0.018750 0.037500
0 0.061719 0.128906 0.032813 0.026562
0 0.085938 0.159375 0.031250 0.043750
0 0.107813 0.162500 0.018750 0.037500
0 0.171094 0.161719 0.023438 0.023438
0 0.129688 0.150000 0.034375 0.021875
0 0.136719 0.118750 0.035937 0.031250
0 0.162500 0.115625 0.028125 0.037500
0 0.031250 0.104688 0.025000 0.043750
0 0.019531 0.141406 0.017188 0.039062
0 0.025781 0.046094 0.026562 0.039062
0 0.055469 0.035937 0.035937 0.018750
0 0.067187 0.063281 0.015625 0.039062
0 0.049219 0.075000 0.020313 0.043750
0 0.100000 0.027344 0.037500 0.032813
0 0.082812 0.004687 0.050000 0.009375
0 0.132031 0.010937 0.026562 0.021875
0 0.178125 0.022656 0.031250 0.026562
0 0.165625 0.006250 0.046875 0.012500
0 0.125781 0.066406 0.029687 0.026562
0 0.196094 0.045312 0.042188 0.012500
0 0.103906 0.102344 0.026562 0.023438
0 0.117969 0.045312 0.023438 0.031250
0 0.144531 0.088281 0.045312 0.014063
0 0.164062 0.063281 0.025000 0.029687
0 0.182812 0.093750 0.025000 0.031250
0 0.188281 0.078906 0.020313 0.026562
0 0.146875 0.057031 0.018750 0.032813