0 0.017969 0.994531 0.029687 0.010937
0 0.771875 0.985938 0.018750 0.028125
0 0.243750 0.983594 0.040625 0.032813
0 0.919531 0.942969 0.045312 0.020313
0 0.214062 0.945312 0.034375 0.031250
0 0.762500 0.945312 0.021875 0.050000
0 0.842187 0.911719 0.046875 0.020313
0 0.133594 0.885156 0.039062 0.023438
0 0.208594 0.893750 0.029687 0.043750
0 0.977344 0.880469 0.045312 0.032813
0 0.783594 0.877344 0.035937 0.042188
0 0.014844 0.873437 0.029687 0.037500
0 0.828125 0.859375 0.043750 0.034375
0 0.666406 0.861719 0.032813 0.045312
0 0.257812 0.854688 0.034375 0.034375
0 0.102344 0.856250 0.017188 0.046875
0 0.971094 0.835938 0.020313 0.040625
0 0.285156 0.821875 0.017188 0.046875
0 0.917969 0.801562 0.039062 0.021875
0 0.643750 0.814063 0.025000 0.059375
0 0.186719 0.803125 0.035937 0.037500
0 0.971094 0.785156 0.032813 0.039062
0 0.730469 0.739844 0.026562 0.042188
0 0.192969 0.737500 0.026562 0.043750
0 0.295312 0.725781 0.034375 0.042188
0 0.334375 0.707031 0.053125 0.032813
0 0.025000 0.706250 0.050000 0.031250
0 0.772656 0.682813 0.020313 0.018750
0 0.189062 0.681250 0.037500 0.018750
0 0.706250 0.668750 0.043750 0.031250
0 0.894531 0.646094 0.026562 0.048438
0 0.941406 0.631250 0.051562 0.028125
0 0.164844 0.641406 0.029687 0.048438
0 0.286719 0.589844 0.042188 0.023438
0 0.968750 0.593750 0.040625 0.034375
0 0.992188 0.576562 0.015625 0.028125
0 0.639062 0.584375 0.028125 0.046875
0 0.245312 0.542188 0.025000 0.046875
0 0.658594 0.535156 0.032813 0.042188
0 0.742188 0.532031 0.025000 0.042188
0 0.710938 0.535156 0.018750 0.048438
0 0.771875 0.473438 0.034375 0.034375
0 0.875781 0.445312 0.048438 0.025000
0 0.071875 0.441406 0.031250 0.048438
0 0.280469 0.400781 0.020313 0.039062
0 0.846875 0.378906 0.043750 0.026562
0 0.953125 0.371094 0.028125 0.054688
0 0.987500 0.358594 0.025000 0.035937
0 0.019531 0.329688 0.039062 0.025000
0 0.852344 0.336719 0.020313 0.045312
0 0.313281 0.297656 0.039062 0.020313
0 0.075781 0.259375 0.026562 0.046875
0 0.940625 0.246094 0.043750 0.026562
0 0.714844 0.241406 0.045312 0.020313
0 0.881250 0.213281 0.021875 0.048438
0 0.698438 0.203906 0.040625 0.029687
0 0.814063 0.196875 0.056250 0.025000
0 0.217969 0.175781 0.048438 0.023438
0 0.760156 0.147656 0.039062 0.026562
0 0.037500 0.142969 0.034375 0.032813
0 0.932813 0.116406 0.031250 0.048438
0 0.985156 0.082812 0.029687 0.021875
0 0.322656 0.082812 0.045312 0.034375
0 0.882031 0.054688 0.035937 0.037500
0 0.100781 0.026562 0.023438 0.028125
0 0.964844 0.018750 0.029687 0.037500
0 0.717187 0.010937 0.028125 0.021875
0 0.164844 0.007031 0.020313 0.014063
0 0.137500 0.015625 0.031250 0.031250
0 0.040625 0.089063 0.046875 0.028125
0 0.049219 0.117188 0.035937 0.025000
0 0.102344 0.117969 0.048438 0.014063
0 0.120313 0.102344 0.015625 0.014063
0 0.189844 0.034375 0.029687 0.040625
0 0.208594 0.009375 0.045312 0.018750
0 0.358594 0.076563 0.039062 0.031250
0 0.390625 0.043750 0.021875 0.037500
0 0.294531 0.126562 0.029687 0.040625
0 0.287500 0.156250 0.043750 0.015625
0 0.259375 0.184375 0.021875 0.043750
0 0.275781 0.176563 0.017188 0.028125
0 0.305469 0.180469 0.029687 0.032813
0 0.354687 0.300781 0.025000 0.039062
0 0.117188 0.135156 0.043750 0.020313
0 0.129688 0.149219 0.040625 0.020313
0 0.109375 0.164062 0.025000 0.037500
0 0.138281 0.167969 0.029687 0.026562
0 0.225781 0.210156 0.042188 0.023438
0 0.189844 0.231250 0.032813 0.043750
0 0.190625 0.264844 0.050000 0.020313
0 0.189062 0.281250 0.037500 0.018750
0 0.350000 0.389844 0.040625 0.029687
0 0.098437 0.291406 0.037500 0.045312
0 0.092969 0.341406 0.026562 0.032813
0 0.067187 0.309375 0.040625 0.028125
0 0.040625 0.293750 0.015625 0.012500
0 0.112500 0.490625 0.015625 0.046875
0 0.134375 0.489063 0.028125 0.034375
0 0.186719 0.470313 0.048438 0.012500
0 0.192969 0.480469 0.051562 0.010937
0 0.210938 0.503906 0.018750 0.039062
0 0.243750 0.492969 0.037500 0.045312
0 0.201563 0.601562 0.028125 0.050000
0 0.187500 0.611719 0.015625 0.029687
0 0.228906 0.589844 0.023438 0.048438
0 0.355469 0.579688 0.039062 0.031250
0 0.362500 0.642188 0.018750 0.043750
0 0.358594 0.625781 0.029687 0.048438
0 0.371875 0.632812 0.009375 0.034375
0 0.277344 0.639062 0.029687 0.034375
0 0.266406 0.648438 0.039062 0.037500
0 0.239844 0.734375 0.032813 0.037500
0 0.232813 0.712500 0.015625 0.040625
0 0.025000 0.512500 0.028125 0.037500
0 0.042188 0.536719 0.015625 0.020313
0 0.025781 0.559375 0.039062 0.021875
0 0.017969 0.579688 0.026562 0.018750
0 0.094531 0.725781 0.023438 0.042188
0 0.114062 0.720313 0.018750 0.040625
0 0.137500 0.724219 0.031250 0.020313
0 0.125781 0.743750 0.020313 0.021875
0 0.151562 0.743750 0.031250 0.015625
0 0.157031 0.762500 0.026562 0.040625
0 0.057813 0.788281 0.025000 0.020313
0 0.028125 0.771875 0.025000 0.040625
0 0.136719 0.817969 0.017188 0.051562
0 0.150781 0.851562 0.020313 0.025000
0 0.362500 0.775781 0.018750 0.042188
0 0.296875 0.910937 0.031250 0.015625
0 0.273438 0.900000 0.021875 0.046875
0 0.169531 0.830469 0.023438 0.014063
0 0.346094 0.930469 0.032813 0.032813
0 0.346875 0.945312 0.040625 0.025000
0 0.020313 0.042188 0.034375 0.034375
0 0.047656 0.025000 0.029687 0.031250
0 0.640625 0.670312 0.021875 0.046875
0 0.629687 0.649219 0.018750 0.048438
0 0.604688 0.531250 0.031250 0.031250
0 0.631250 0.271875 0.018750 0.059375
0 0.660937 0.341406 0.031250 0.029687
0 0.683594 0.330469 0.014063 0.042188
0 0.690625 0.350000 0.025000 0.043750
0 0.629687 0.007031 0.050000 0.014063
0 0.642188 0.025000 0.043750 0.021875
0 0.588281 0.035937 0.026562 0.040625
0 0.699219 0.050781 0.032813 0.042188
0 0.685156 0.017188 0.054688 0.021875
0 0.603906 0.046875 0.014063 0.018750
0 0.758594 0.584375 0.023438 0.031250
0 0.791406 0.561719 0.039062 0.032813
0 0.774219 0.599219 0.032813 0.042188
0 0.695312 0.687500 0.043750 0.025000
0 0.684375 0.715625 0.034375 0.031250
0 0.632812 0.755469 0.018750 0.051562
0 0.649219 0.753125 0.020313 0.053125
0 0.758594 0.896875 0.042188 0.034375
0 0.725781 0.894531 0.039062 0.039062
0 0.640625 0.934375 0.018750 0.037500
0 0.663281 0.933594 0.026562 0.039062
0 0.657031 0.978125 0.017188 0.040625
0 0.629687 0.981250 0.028125 0.034375
0 0.881250 0.874219 0.043750 0.023438
0 0.891406 0.850000 0.023438 0.037500
0 0.904687 0.894531 0.046875 0.023438
0 0.914062 0.876563 0.025000 0.018750
0 0.867188 0.742969 0.037500 0.023438
0 0.886719 0.749219 0.029687 0.032813
0 0.895312 0.735938 0.028125 0.031250
0 0.907813 0.762500 0.015625 0.025000
0 0.918750 0.712500 0.046875 0.015625
0 0.945312 0.750781 0.028125 0.045312
0 0.892969 0.980469 0.045312 0.026562
0 0.914844 0.984375 0.026562 0.015625
0 0.978906 0.426563 0.039062 0.028125
0 0.984375 0.444531 0.028125 0.026562
0 0.792969 0.109375 0.017188 0.037500
0 0.817969 0.100000 0.035937 0.028125
0 0.812500 0.146875 0.031250 0.046875
0 0.848437 0.142969 0.021875 0.042188
0 0.869531 0.117188 0.054688 0.028125
0 0.245312 0.682813 0.034375 0.043750
0 0.261719 0.682813 0.029687 0.037500
0 0.030469 0.233594 0.039062 0.029687
0 0.010937 0.235937 0.021875 0.025000