0 0.435156 0.252344 0.042188 0.032813
0 0.803125 0.380469 0.043750 0.029687
0 0.349219 0.137500 0.039062 0.034375
0 0.765625 0.743750 0.028125 0.031250
0 0.805469 0.290625 0.042188 0.043750
0 0.458594 0.905469 0.042188 0.042188
0 0.495312 0.788281 0.021875 0.042188
0 0.539844 0.102344 0.032813 0.039062
0 0.335938 0.371875 0.037500 0.028125
0 0.018750 0.356250 0.037500 0.028125
0 0.142187 0.225781 0.037500 0.051562
0 0.072656 0.896875 0.039062 0.028125
0 0.445312 0.841406 0.037500 0.035937
0 0.278906 0.704688 0.035937 0.031250
0 0.370312 0.971094 0.034375 0.032813
0 0.332813 0.257812 0.043750 0.031250
0 0.174219 0.082031 0.032813 0.045312
0 0.771875 0.334375 0.028125 0.046875
0 0.092188 0.183594 0.043750 0.020313
0 0.753125 0.824219 0.043750 0.035937
0 0.364844 0.061719 0.035937 0.039062
0 0.592969 0.056250 0.039062 0.031250
0 0.294531 0.229687 0.039062 0.037500
0 0.680469 0.970313 0.042188 0.018750
0 0.341406 0.596875 0.039062 0.040625
0 0.457813 0.166406 0.040625 0.039062
0 0.146094 0.575781 0.045312 0.020313
0 0.543750 0.683594 0.040625 0.039062
0 0.221875 0.064844 0.031250 0.039062
0 0.303125 0.425781 0.046875 0.023438
0 0.087500 0.627344 0.043750 0.029687
0 0.278906 0.662500 0.042188 0.018750
0 0.235937 0.758594 0.031250 0.032813
0 0.856250 0.893750 0.046875 0.021875
0 0.410156 0.622656 0.023438 0.039062
0 0.042969 0.407813 0.045312 0.025000
0 0.792969 0.573438 0.039062 0.031250
0 0.078906 0.528125 0.035937 0.031250
0 0.250000 0.803906 0.028125 0.039062
0 0.235156 0.483594 0.020313 0.048438
0 0.768750 0.524219 0.034375 0.023438
0 0.335938 0.625000 0.037500 0.037500
0 0.121094 0.914844 0.042188 0.020313
0 0.372656 0.199219 0.042188 0.023438
0 0.428125 0.557031 0.031250 0.042188
0 0.382031 0.551562 0.035937 0.028125
0 0.175781 0.600000 0.042188 0.021875
0 0.750000 0.887500 0.043750 0.021875
0 0.777344 0.783594 0.042188 0.042188
0 0.658594 0.741406 0.023438 0.045312
0 0.813281 0.782813 0.039062 0.046875
0 0.084375 0.660937 0.025000 0.034375
0 0.667969 0.686719 0.045312 0.020313
0 0.334375 0.895312 0.025000 0.043750
0 0.543750 0.053125 0.034375 0.050000
0 0.398438 0.210156 0.031250 0.045312
0 0.108594 0.667188 0.017188 0.040625
0 0.238281 0.330469 0.017188 0.042188
0 0.290625 0.971094 0.025000 0.026562
0 0.424219 0.276562 0.042188 0.028125
0 0.684375 0.459375 0.046875 0.021875
0 0.714844 0.157031 0.023438 0.048438
0 0.065625 0.147656 0.034375 0.029687
0 0.214062 0.779687 0.034375 0.037500
0 0.378906 0.893750 0.042188 0.018750
0 0.643750 0.647656 0.021875 0.045312
0 0.068750 0.830469 0.034375 0.026562
0 0.839063 0.080469 0.034375 0.032813
0 0.585156 0.336719 0.026562 0.039062
0 0.743750 0.139844 0.034375 0.039062
0 0.054688 0.562500 0.018750 0.043750
0 0.359375 0.925000 0.018750 0.043750
0 0.742969 0.639062 0.042188 0.031250
0 0.631250 0.157812 0.043750 0.028125
0 0.244531 0.199219 0.026562 0.042188
0 0.789062 0.046094 0.046875 0.023438
0 0.066406 0.968750 0.029687 0.046875
0 0.038281 0.621094 0.023438 0.048438
0 0.576562 0.858594 0.046875 0.020313
0 0.728906 0.107813 0.035937 0.031250
0 0.839063 0.554688 0.018750 0.056250
0 0.199219 0.575000 0.045312 0.025000
0 0.158594 0.116406 0.023438 0.045312
0 0.682813 0.284375 0.037500 0.028125
0 0.199219 0.372656 0.032813 0.045312
0 0.347656 0.838281 0.048438 0.023438
0 0.296094 0.809375 0.026562 0.040625
0 0.746094 0.256250 0.029687 0.034375
0 0.842187 0.022656 0.021875 0.045312
0 0.713281 0.217969 0.032813 0.039062
0 0.228906 0.620313 0.017188 0.046875
0 0.778125 0.114062 0.034375 0.031250
0 0.147656 0.524219 0.026562 0.039062
0 0.765625 0.148438 0.025000 0.040625
0 0.524219 0.366406 0.020313 0.039062
0 0.696094 0.202344 0.032813 0.045312
0 0.236719 0.585156 0.032813 0.035937
0 0.763281 0.020313 0.029687 0.037500
0 0.160156 0.428906 0.045312 0.020313
0 0.442188 0.612500 0.025000 0.043750
0 0.689844 0.318750 0.023438 0.043750
0 0.221875 0.185938 0.037500 0.018750
0 0.772656 0.084375 0.020313 0.040625
0 0.577344 0.976562 0.029687 0.043750
0 0.749219 0.702344 0.039062 0.017188
0 0.174219 0.471875 0.035937 0.028125
0 0.689844 0.426563 0.042188 0.040625
0 0.446875 0.203906 0.018750 0.045312
0 0.701562 0.677344 0.031250 0.026562
0 0.727344 0.846875 0.020313 0.043750
0 0.839844 0.329688 0.032813 0.040625
0 0.652344 0.214062 0.023438 0.043750
0 0.664844 0.189844 0.023438 0.048438
0 0.049219 0.800781 0.026562 0.035937
0 0.540625 0.360156 0.018750 0.045312
0 0.700781 0.264844 0.017188 0.039062
0 0.590625 0.371094 0.028125 0.039062
0 0.606250 0.362500 0.028125 0.034375
0 0.140625 0.643750 0.028125 0.040625
0 0.007812 0.381250 0.015625 0.018750
0 0.062500 0.100781 0.028125 0.045312
0 0.225000 0.652344 0.046875 0.023438
0 0.797656 0.646875 0.020313 0.018750
0 0.156250 0.410156 0.034375 0.023438
0 0.161719 0.650000 0.029687 0.043750
0 0.434375 0.187500 0.025000 0.040625
0 0.136719 0.157812 0.017188 0.043750
0 0.042969 0.991406 0.035937 0.017188
0 0.742188 0.665625 0.043750 0.018750
0 0.561719 0.392188 0.032813 0.037500
0 0.437500 0.665625 0.021875 0.050000
0 0.017188 0.643750 0.034375 0.018750
0 0.105469 0.496094 0.032813 0.032813
0 0.667188 0.401562 0.018750 0.043750
0 0.120313 0.129688 0.037500 0.015625
0 0.722656 0.277344 0.023438 0.042188
0 0.721875 0.708594 0.018750 0.035937
0 0.561719 0.977344 0.023438 0.042188
0 0.826562 0.112500 0.018750 0.043750
0 0.139063 0.480469 0.037500 0.023438
0 0.201563 0.494531 0.018750 0.042188
0 0.250000 0.035156 0.018750 0.026562
0 0.701562 0.703906 0.028125 0.026562
0 0.177344 0.385156 0.020313 0.051562
0 0.005469 0.783594 0.010937 0.035937
0 0.715625 0.586719 0.025000 0.039062
0 0.009375 0.409375 0.018750 0.028125
0 0.691406 0.123438 0.023438 0.046875
0 0.062500 0.596094 0.018750 0.039062
0 0.012500 0.678906 0.021875 0.045312
0 0.352344 0.483594 0.020313 0.023438
0 0.127344 0.501563 0.029687 0.018750
0 0.690625 0.584375 0.025000 0.018750
0 0.192188 0.188281 0.021875 0.020313
0 0.374219 0.282031 0.017188 0.014063
0 0.049219 0.514062 0.023438 0.025000
0 0.314844 0.650000 0.017188 0.018750
0 0.536719 0.882812 0.017188 0.025000
0 0.682813 0.391406 0.015625 0.042188
0 0.609375 0.636719 0.021875 0.042188
0 0.335938 0.992188 0.025000 0.015625
0 0.641406 0.289844 0.017188 0.017188
0 0.731250 0.681250 0.034375 0.015625
0 0.408594 0.006250 0.017188 0.012500
0 0.300781 0.280469 0.017188 0.026562
0 0.100000 0.479687 0.031250 0.018750
0 0.165625 0.928125 0.025000 0.018750
0 0.332813 0.809375 0.046875 0.025000
0 0.466406 0.991406 0.026562 0.014063
0 0.610156 0.669531 0.023438 0.039062
0 0.450000 0.475000 0.025000 0.025000
0 0.681250 0.125000 0.018750 0.053125
0 0.827344 0.103906 0.035937 0.032813
0 0.016406 0.178906 0.026562 0.023438
0 0.139063 0.122656 0.018750 0.032813
0 0.717187 0.553906 0.025000 0.032813
0 0.699219 0.567969 0.029687 0.017188