0 0.370312 0.277344 0.031250 0.039062
0 0.632031 0.778125 0.026562 0.043750
0 0.028125 0.908594 0.040625 0.035937
0 0.281250 0.365625 0.031250 0.040625
0 0.734375 0.543750 0.037500 0.031250
0 0.420312 0.696875 0.043750 0.034375
0 0.824219 0.564844 0.039062 0.023438
0 0.918750 0.735938 0.034375 0.046875
0 0.528906 0.332031 0.042188 0.032813
0 0.933594 0.290625 0.045312 0.021875
0 0.472656 0.105469 0.035937 0.039062
0 0.859375 0.375000 0.028125 0.040625
0 0.139063 0.452344 0.037500 0.042188
0 0.450000 0.364063 0.037500 0.040625
0 0.016406 0.765625 0.032813 0.034375
0 0.357031 0.589063 0.035937 0.034375
0 0.185938 0.525781 0.040625 0.029687
0 0.553125 0.858594 0.050000 0.026562
0 0.584375 0.731250 0.028125 0.037500
0 0.917188 0.235937 0.046875 0.025000
0 0.967187 0.392188 0.031250 0.040625
0 0.382812 0.762500 0.025000 0.043750
0 0.908594 0.438281 0.045312 0.029687
0 0.339062 0.704688 0.028125 0.040625
0 0.206250 0.371094 0.021875 0.051562
0 0.369531 0.105469 0.045312 0.023438
0 0.792969 0.161719 0.042188 0.023438
0 0.325000 0.048438 0.037500 0.040625
0 0.428906 0.267188 0.042188 0.031250
0 0.692187 0.400000 0.040625 0.031250
0 0.726562 0.046094 0.043750 0.029687
0 0.042969 0.625781 0.029687 0.048438
0 0.401562 0.136719 0.040625 0.029687
0 0.623437 0.842187 0.043750 0.021875
0 0.739062 0.582031 0.040625 0.042188
0 0.695312 0.607031 0.037500 0.045312
0 0.414062 0.242969 0.034375 0.039062
0 0.679688 0.030469 0.025000 0.048438
0 0.652344 0.036719 0.026562 0.045312
0 0.428906 0.555469 0.048438 0.029687
0 0.063281 0.575781 0.026562 0.045312
0 0.670312 0.855469 0.043750 0.023438
0 0.119531 0.092188 0.026562 0.040625
0 0.691406 0.191406 0.045312 0.048438
0 0.867188 0.482031 0.037500 0.029687
0 0.852344 0.610156 0.039062 0.032813
0 0.368750 0.546875 0.031250 0.043750
0 0.173437 0.757812 0.025000 0.046875
0 0.257812 0.530469 0.046875 0.026562
0 0.681250 0.103906 0.025000 0.051562
0 0.633594 0.163281 0.020313 0.045312
0 0.346875 0.293750 0.025000 0.043750
0 0.587500 0.704688 0.040625 0.031250
0 0.843750 0.650000 0.037500 0.043750
0 0.978125 0.894531 0.040625 0.023438
0 0.224219 0.479687 0.045312 0.025000
0 0.514062 0.081250 0.025000 0.046875
0 0.650000 0.100781 0.025000 0.042188
0 0.474219 0.846094 0.048438 0.023438
0 0.274219 0.156250 0.032813 0.046875
0 0.307812 0.540625 0.025000 0.050000
0 0.914844 0.975000 0.029687 0.046875
0 0.142969 0.407813 0.045312 0.018750
0 0.238281 0.257031 0.039062 0.029687
0 0.907813 0.128906 0.021875 0.045312
0 0.150000 0.726562 0.021875 0.053125
0 0.343750 0.371094 0.053125 0.020313
0 0.378125 0.435156 0.040625 0.026562
0 0.389062 0.389844 0.046875 0.020313
0 0.682813 0.513281 0.028125 0.048438
0 0.153906 0.377344 0.032813 0.042188
0 0.009375 0.725781 0.018750 0.048438
0 0.507812 0.805469 0.040625 0.032813
0 0.335938 0.937500 0.021875 0.040625
0 0.802344 0.921875 0.048438 0.034375
0 0.875781 0.046875 0.026562 0.043750
0 0.357812 0.057031 0.021875 0.048438
0 0.786719 0.429688 0.039062 0.034375
0 0.157031 0.575781 0.035937 0.039062
0 0.696094 0.278125 0.045312 0.037500
0 0.737500 0.684375 0.043750 0.018750
0 0.035937 0.950000 0.021875 0.040625
0 0.809375 0.872656 0.037500 0.032813
0 0.714063 0.237500 0.037500 0.040625
0 0.871094 0.979688 0.017188 0.037500
0 0.257812 0.438281 0.040625 0.029687
0 0.060156 0.110937 0.026562 0.037500
0 0.339844 0.511719 0.048438 0.026562
0 0.206250 0.165625 0.043750 0.025000
0 0.772656 0.232813 0.035937 0.046875
0 0.249219 0.413281 0.032813 0.020313
0 0.578125 0.531250 0.037500 0.043750
0 0.816406 0.958594 0.045312 0.020313
0 0.172656 0.817969 0.032813 0.042188
0 0.984375 0.125000 0.028125 0.043750
0 0.941406 0.935937 0.039062 0.018750
0 0.269531 0.218750 0.045312 0.025000
0 0.649219 0.982812 0.023438 0.031250
0 0.717969 0.728125 0.029687 0.043750
0 0.752344 0.736719 0.039062 0.032813
0 0.121094 0.521094 0.020313 0.048438
0 0.671875 0.449219 0.040625 0.020313
0 0.133594 0.924219 0.020313 0.045312
0 0.171094 0.258594 0.045312 0.026562
0 0.236719 0.332031 0.051562 0.020313
0 0.366406 0.149219 0.026562 0.051562
0 0.407813 0.582031 0.037500 0.020313
0 0.457813 0.571875 0.025000 0.050000
0 0.074219 0.064844 0.023438 0.048438
0 0.167969 0.101562 0.048438 0.025000
0 0.028906 0.575000 0.035937 0.034375
0 0.628125 0.581250 0.043750 0.021875
0 0.486719 0.752344 0.042188 0.032813
0 0.611719 0.525000 0.045312 0.021875
0 0.090625 0.632812 0.025000 0.034375
0 0.699219 0.371094 0.048438 0.020313
0 0.072656 0.410156 0.045312 0.020313
0 0.148438 0.335938 0.040625 0.040625
0 0.226562 0.072656 0.031250 0.039062
0 0.125781 0.239063 0.042188 0.021875
0 0.653906 0.364844 0.054688 0.026562
0 0.869531 0.651563 0.020313 0.043750
0 0.190625 0.576562 0.021875 0.050000
0 0.052344 0.725781 0.026562 0.048438
0 0.287500 0.059375 0.031250 0.043750
0 0.087500 0.497656 0.028125 0.042188
0 0.764062 0.028906 0.028125 0.042188
0 0.892188 0.515625 0.021875 0.040625
0 0.065625 0.776563 0.050000 0.031250
0 0.507812 0.707031 0.021875 0.045312
0 0.268750 0.075000 0.021875 0.043750
0 0.441406 0.450781 0.026562 0.045312
0 0.318750 0.082812 0.040625 0.034375
0 0.280469 0.194531 0.029687 0.039062
0 0.473438 0.318750 0.018750 0.040625
0 0.045312 0.469531 0.031250 0.042188
0 0.956250 0.486719 0.040625 0.023438
0 0.704688 0.343750 0.031250 0.037500
0 0.282813 0.504687 0.046875 0.018750
0 0.760938 0.770312 0.046875 0.040625
0 0.593750 0.242188 0.046875 0.018750
0 0.056250 0.385156 0.037500 0.032813
0 0.442969 0.521875 0.051562 0.021875
0 0.488281 0.194531 0.020313 0.051562
0 0.132031 0.758594 0.032813 0.035937
0 0.209375 0.201563 0.037500 0.031250
0 0.120313 0.134375 0.021875 0.040625
0 0.117188 0.657813 0.028125 0.040625
0 0.044531 0.228125 0.026562 0.046875
0 0.095312 0.305469 0.037500 0.035937
0 0.577344 0.206250 0.042188 0.031250
0 0.781250 0.467969 0.034375 0.035937
0 0.100781 0.100000 0.023438 0.034375
0 0.375781 0.874219 0.039062 0.032813
0 0.832812 0.032813 0.018750 0.050000
0 0.543750 0.256250 0.059375 0.028125
0 0.128906 0.282813 0.026562 0.040625
0 0.174219 0.077344 0.051562 0.023438
0 0.084375 0.387500 0.034375 0.028125
0 0.646875 0.221875 0.021875 0.040625
0 0.210938 0.301563 0.028125 0.040625
0 0.267969 0.465625 0.026562 0.040625
0 0.115625 0.719531 0.037500 0.026562
0 0.202344 0.098437 0.035937 0.040625
0 0.733594 0.289062 0.023438 0.046875
0 0.913281 0.498437 0.020313 0.037500
0 0.770312 0.846094 0.021875 0.045312
0 0.239063 0.572656 0.028125 0.042188
0 0.537500 0.683594 0.034375 0.054688
0 0.086719 0.717187 0.020313 0.043750
0 0.168750 0.295312 0.040625 0.034375
0 0.649219 0.487500 0.026562 0.056250
0 0.035156 0.502344 0.042188 0.026562
0 0.663281 0.572656 0.042188 0.020313
0 0.219531 0.274219 0.045312 0.026562
0 0.768750 0.085938 0.034375 0.056250
0 0.671094 0.252344 0.029687 0.039062
0 0.786719 0.800000 0.023438 0.043750
0 0.075000 0.743750 0.021875 0.046875
0 0.558594 0.662500 0.045312 0.021875
0 0.097656 0.360938 0.051562 0.025000
0 0.289844 0.431250 0.023438 0.040625
0 0.869531 0.007812 0.054688 0.015625
0 0.032813 0.428125 0.037500 0.034375
0 0.735938 0.335938 0.021875 0.046875
0 0.107813 0.689063 0.021875 0.040625
0 0.192188 0.235937 0.034375 0.043750
0 0.321094 0.114844 0.020313 0.045312
0 0.967187 0.791406 0.018750 0.051562
0 0.457031 0.187500 0.026562 0.031250
0 0.066406 0.210156 0.017188 0.039062
0 0.006250 0.890625 0.012500 0.031250
0 0.053906 0.823438 0.039062 0.034375
0 0.952344 0.694531 0.026562 0.035937
0 0.392969 0.918750 0.035937 0.028125
0 0.953125 0.521094 0.053125 0.026562
0 0.625000 0.662500 0.021875 0.046875
0 0.645312 0.382812 0.046875 0.021875
0 0.850781 0.843750 0.032813 0.018750
0 0.509375 0.771094 0.031250 0.032813
0 0.287500 0.839063 0.034375 0.034375
0 0.942969 0.804688 0.039062 0.018750
0 0.064844 0.431250 0.020313 0.031250
0 0.794531 0.074219 0.020313 0.042188
0 0.533594 0.392188 0.051562 0.021875
0 0.064062 0.135156 0.034375 0.032813
0 0.107031 0.161719 0.020313 0.042188
0 0.754687 0.914844 0.040625 0.020313
0 0.135156 0.175000 0.035937 0.018750
0 0.121875 0.336719 0.018750 0.042188
0 0.988281 0.475781 0.023438 0.020313
0 0.991406 0.447656 0.014063 0.020313
0 0.348438 0.860938 0.025000 0.037500
0 0.583594 0.622656 0.048438 0.026562
0 0.781250 0.007031 0.031250 0.014063
0 0.809375 0.045312 0.034375 0.037500
0 0.600781 0.157031 0.026562 0.045312
0 0.300000 0.851562 0.028125 0.034375
0 0.863281 0.821094 0.029687 0.039062
0 0.971875 0.681250 0.031250 0.028125
0 0.008594 0.042188 0.017188 0.021875
0 0.653125 0.242969 0.037500 0.029687
0 0.090625 0.335938 0.043750 0.021875
0 0.994531 0.598437 0.010937 0.028125
0 0.463281 0.149219 0.023438 0.039062
0 0.792188 0.275781 0.018750 0.029687
0 0.060156 0.523438 0.020313 0.050000
0 0.152344 0.161719 0.042188 0.017188
0 0.019531 0.076563 0.020313 0.046875
0 0.641406 0.625781 0.035937 0.026562
0 0.009375 0.432031 0.018750 0.039062
0 0.037500 0.547656 0.034375 0.017188
0 0.241406 0.047656 0.020313 0.057813
0 0.788281 0.017969 0.020313 0.035937
0 0.477344 0.003906 0.054688 0.007812
0 0.431250 0.492188 0.025000 0.034375
0 0.291406 0.812500 0.032813 0.034375
0 0.364844 0.004687 0.032813 0.009375
0 0.416406 0.465625 0.023438 0.050000
0 0.046094 0.328125 0.042188 0.015625
0 0.794531 0.204687 0.029687 0.037500
0 0.227344 0.122656 0.042188 0.026562
0 0.068750 0.240625 0.025000 0.021875
0 0.083594 0.267969 0.023438 0.020313
0 0.160938 0.947656 0.031250 0.020313
0 0.993750 0.761719 0.009375 0.026562
0 0.767969 0.877344 0.039062 0.023438
0 0.215625 0.563281 0.028125 0.023438
0 0.567969 0.217969 0.032813 0.029687
0 0.729688 0.718750 0.018750 0.028125
0 0.089844 0.240625 0.017188 0.037500
0 0.174219 0.189844 0.035937 0.026562
0 0.086719 0.524219 0.035937 0.023438
0 0.284375 0.789062 0.046875 0.021875
0 0.596875 0.642188 0.046875 0.015625
0 0.604688 0.989844 0.015625 0.014063
0 0.078125 0.810937 0.040625 0.025000
0 0.535937 0.373437 0.018750 0.021875
0 0.758594 0.889844 0.026562 0.032813
0 0.469531 0.722656 0.020313 0.048438
0 0.004687 0.564844 0.009375 0.042188
0 0.328906 0.428125 0.026562 0.050000
0 0.592969 0.148438 0.045312 0.031250
0 0.878125 0.821875 0.018750 0.043750
0 0.403125 0.888281 0.037500 0.020313
0 0.182812 0.178906 0.021875 0.023438
0 0.074219 0.317188 0.020313 0.028125
0 0.156250 0.279687 0.018750 0.031250
0 0.091406 0.150000 0.014063 0.040625
0 0.163281 0.230469 0.017188 0.014063
0 0.014844 0.529687 0.023438 0.040625
0 0.086719 0.116406 0.017188 0.032813
0 0.008594 0.153125 0.017188 0.043750
0 0.289844 0.471875 0.014063 0.040625
0 0.772656 0.289844 0.017188 0.014063
0 0.788281 0.755469 0.026562 0.017188
0 0.104688 0.287500 0.021875 0.028125
0 0.589844 0.625781 0.035937 0.020313
0 0.481250 0.714844 0.015625 0.054688
0 0.321094 0.063281 0.039062 0.029687
0 0.546875 0.407031 0.021875 0.010937
0 0.667188 0.485938 0.012500 0.025000
0 0.301563 0.342969 0.009375 0.020313
0 0.148438 0.586719 0.018750 0.017188
0 0.383594 0.892188 0.023438 0.031250
0 0.996094 0.669531 0.007812 0.023438
0 0.217969 0.221094 0.020313 0.017188
0 0.010937 0.505469 0.021875 0.023438
0 0.454688 0.750781 0.012500 0.020313
0 0.105469 0.258594 0.026562 0.017188
0 0.218750 0.433594 0.015625 0.017188
0 0.217969 0.433594 0.014063 0.014063
0 0.018750 0.008594 0.037500 0.014063
0 0.010156 0.022656 0.020313 0.014063
0 0.012500 0.117969 0.028125 0.023438
0 0.030469 0.149219 0.032813 0.035937
0 0.003906 0.079687 0.010937 0.050000
0 0.989062 0.509375 0.012500 0.037500
0 0.957812 0.829688 0.034375 0.025000
0 0.069531 0.794531 0.026562 0.023438
0 0.025000 0.388281 0.025000 0.035937
0 0.025781 0.408594 0.026562 0.020313
0 0.056250 0.294531 0.025000 0.017188
0 0.034375 0.270313 0.037500 0.043750
0 0.038281 0.305469 0.039062 0.035937
0 0.012500 0.310937 0.025000 0.025000
0 0.007031 0.278906 0.014063 0.035937
0 0.008594 0.244531 0.017188 0.032813
0 0.026562 0.210938 0.025000 0.050000
0 0.099219 0.205469 0.048438 0.035937
0 0.025781 0.115625 0.029687 0.031250
0 0.202344 0.125000 0.045312 0.034375
0 0.345313 0.435937 0.018750 0.018750
0 0.328906 0.471094 0.035937 0.039062
0 0.321094 0.467187 0.023438 0.025000
0 0.303125 0.468750 0.021875 0.040625