0 0.893750 0.766406 0.025000 0.042188
0 0.816406 0.039844 0.023438 0.042188
0 0.242969 0.278125 0.032813 0.034375
0 0.348438 0.096094 0.037500 0.026562
0 0.745313 0.213281 0.040625 0.029687
0 0.774219 0.808594 0.035937 0.042188
0 0.751563 0.725000 0.037500 0.037500
0 0.678906 0.717969 0.020313 0.048438
0 0.624219 0.150781 0.029687 0.029687
0 0.742188 0.027344 0.028125 0.042188
0 0.953906 0.088281 0.045312 0.020313
0 0.661719 0.984375 0.039062 0.028125
0 0.360938 0.335938 0.043750 0.021875
0 0.371094 0.391406 0.035937 0.042188
0 0.714844 0.160156 0.042188 0.026562
0 0.478906 0.082812 0.032813 0.034375
0 0.900000 0.117188 0.040625 0.034375
0 0.827344 0.575781 0.048438 0.020313
0 0.717969 0.644531 0.042188 0.026562
0 0.427344 0.975781 0.039062 0.039062
0 0.716406 0.532031 0.035937 0.035937
0 0.444531 0.421875 0.039062 0.028125
0 0.924219 0.325000 0.032813 0.050000
0 0.592969 0.565625 0.051562 0.034375
0 0.286719 0.285156 0.017188 0.042188
0 0.312500 0.578906 0.025000 0.048438
0 0.950781 0.060156 0.039062 0.020313
0 0.823438 0.847656 0.043750 0.020313
0 0.540625 0.922656 0.028125 0.045312
0 0.209375 0.400000 0.021875 0.043750
0 0.404687 0.278125 0.031250 0.031250
0 0.479687 0.975781 0.034375 0.020313
0 0.714844 0.091406 0.035937 0.035937
0 0.181250 0.328125 0.015625 0.040625
0 0.389062 0.200000 0.034375 0.037500
0 0.946875 0.666406 0.034375 0.045312
0 0.382031 0.129688 0.032813 0.034375
0 0.804688 0.600781 0.043750 0.020313
0 0.747656 0.096875 0.048438 0.025000
0 0.848437 0.211719 0.043750 0.020313
0 0.178906 0.615625 0.045312 0.031250
0 0.217188 0.141406 0.018750 0.042188
0 0.755469 0.500781 0.023438 0.042188
0 0.842187 0.772656 0.043750 0.020313
0 0.243750 0.618750 0.034375 0.031250
0 0.590625 0.227344 0.018750 0.048438
0 0.375000 0.912500 0.040625 0.031250
0 0.448437 0.381250 0.025000 0.040625
0 0.530469 0.797656 0.026562 0.032813
0 0.292187 0.693750 0.040625 0.021875
0 0.195312 0.659375 0.018750 0.050000
0 0.942187 0.985938 0.046875 0.028125
0 0.382031 0.653906 0.039062 0.020313
0 0.399219 0.162500 0.039062 0.018750
0 0.867188 0.660937 0.021875 0.046875
0 0.212500 0.600000 0.021875 0.037500
0 0.535937 0.727344 0.034375 0.032813
0 0.181250 0.199219 0.043750 0.020313
0 0.517188 0.845313 0.034375 0.034375
0 0.712500 0.053906 0.046875 0.020313
0 0.817187 0.939844 0.031250 0.048438
0 0.361719 0.167969 0.042188 0.023438
0 0.552344 0.640625 0.020313 0.053125
0 0.501563 0.179688 0.025000 0.043750
0 0.341406 0.224219 0.017188 0.048438
0 0.487500 0.214844 0.031250 0.035937
0 0.481250 0.872656 0.021875 0.042188
0 0.567187 0.753906 0.021875 0.039062
0 0.798438 0.475000 0.028125 0.037500
0 0.539844 0.368750 0.026562 0.037500
0 0.412500 0.103125 0.021875 0.046875
0 0.467187 0.931250 0.025000 0.034375
0 0.928125 0.947656 0.018750 0.051562
0 0.553125 0.159375 0.034375 0.037500
0 0.964844 0.380469 0.017188 0.045312
0 0.592187 0.746094 0.034375 0.023438
0 0.267188 0.722656 0.031250 0.023438
0 0.473438 0.171094 0.021875 0.045312
0 0.210156 0.013281 0.026562 0.026562
0 0.646875 0.865625 0.025000 0.046875
0 0.405469 0.310937 0.017188 0.040625
0 0.782031 0.224219 0.026562 0.026562
0 0.601562 0.460156 0.037500 0.020313
0 0.648438 0.038281 0.040625 0.020313
0 0.278125 0.654687 0.046875 0.025000
0 0.335156 0.773438 0.029687 0.028125
0 0.899219 0.937500 0.017188 0.037500
0 0.817187 0.442188 0.040625 0.031250
0 0.498437 0.653125 0.037500 0.034375
0 0.782031 0.279687 0.029687 0.018750
0 0.724219 0.446094 0.029687 0.048438
0 0.753906 0.473438 0.042188 0.021875
0 0.832031 0.678906 0.020313 0.039062
0 0.342969 0.852344 0.029687 0.045312
0 0.601562 0.346875 0.043750 0.028125
0 0.709375 0.625781 0.040625 0.020313
0 0.265625 0.336719 0.021875 0.029687
0 0.920312 0.634375 0.028125 0.053125
0 0.406250 0.678125 0.031250 0.021875
0 0.857812 0.105469 0.031250 0.023438
0 0.242188 0.471094 0.021875 0.045312
0 0.314844 0.855469 0.023438 0.029687
0 0.667969 0.845313 0.026562 0.050000
0 0.577344 0.339844 0.039062 0.020313
0 0.517969 0.703125 0.039062 0.025000
0 0.221875 0.468750 0.021875 0.037500
0 0.329688 0.816406 0.034375 0.026562
0 0.173437 0.810937 0.018750 0.040625
0 0.410156 0.920312 0.032813 0.034375
0 0.635156 0.012500 0.035937 0.025000
0 0.360156 0.200781 0.029687 0.023438
0 0.439844 0.277344 0.032813 0.035937
0 0.841406 0.157812 0.035937 0.018750
0 0.574219 0.444531 0.032813 0.039062
0 0.521875 0.753906 0.040625 0.020313
0 0.500781 0.425000 0.035937 0.028125
0 0.442969 0.202344 0.023438 0.048438
0 0.883594 0.905469 0.017188 0.020313
0 0.958594 0.621875 0.045312 0.028125
0 0.531250 0.682031 0.034375 0.032813
0 0.756250 0.448437 0.046875 0.021875
0 0.810156 0.158594 0.039062 0.023438
0 0.250000 0.374219 0.021875 0.042188
0 0.400000 0.213281 0.031250 0.032813
0 0.799219 0.187500 0.023438 0.043750
0 0.551562 0.842969 0.031250 0.035937
0 0.832812 0.475781 0.025000 0.057813
0 0.904687 0.032813 0.021875 0.028125
0 0.465625 0.225000 0.021875 0.021875
0 0.830469 0.878125 0.023438 0.031250
0 0.317188 0.880469 0.021875 0.035937
0 0.181250 0.841406 0.028125 0.032813
0 0.523438 0.203906 0.034375 0.035937
0 0.613281 0.928906 0.023438 0.035937
0 0.618750 0.033594 0.021875 0.035937
0 0.421094 0.187500 0.020313 0.031250
0 0.374219 0.543750 0.014063 0.018750
0 0.396875 0.953906 0.018750 0.039062
0 0.255469 0.685937 0.020313 0.050000
0 0.194531 0.911719 0.020313 0.039062
0 0.559375 0.870313 0.043750 0.018750
0 0.993750 0.800781 0.009375 0.026562
0 0.614844 0.860156 0.042188 0.020313
0 0.581250 0.848437 0.040625 0.034375
0 0.436719 0.880469 0.023438 0.057813
0 0.982812 0.970313 0.015625 0.021875
0 0.819531 0.182031 0.023438 0.026562
0 0.755469 0.555469 0.017188 0.014063
0 0.696094 0.922656 0.017188 0.017188
0 0.226562 0.357031 0.037500 0.020313
0 0.201563 0.936719 0.034375 0.023438
0 0.746094 0.756250 0.017188 0.018750
0 0.199219 0.527344 0.029687 0.023438
0 0.285938 0.785156 0.031250 0.017188
0 0.314063 0.792969 0.037500 0.029687
0 0.432031 0.092188 0.023438 0.034375
0 0.451562 0.897656 0.021875 0.051562
0 0.496094 0.385156 0.020313 0.045312
0 0.514062 0.393750 0.025000 0.031250
0 0.498437 0.772656 0.053125 0.026562
0 0.668750 0.936719 0.025000 0.017188
0 0.980469 0.635938 0.035937 0.025000
0 0.231250 0.522656 0.018750 0.039062
0 0.480469 0.750000 0.023438 0.018750
0 0.297656 0.865625 0.014063 0.040625
0 0.217188 0.497656 0.040625 0.017188