0 0.130469 0.909375 0.035937 0.031250
0 0.586719 0.478125 0.029687 0.031250
0 0.503906 0.156250 0.026562 0.043750
0 0.578906 0.175781 0.023438 0.039062
0 0.404687 0.271094 0.034375 0.032813
0 0.339062 0.335938 0.018750 0.046875
0 0.749219 0.078125 0.029687 0.034375
0 0.105469 0.982031 0.032813 0.026562
0 0.234375 0.361719 0.021875 0.039062
0 0.317188 0.193750 0.018750 0.040625
0 0.336719 0.489844 0.045312 0.032813
0 0.043750 0.339062 0.031250 0.028125
0 0.200000 0.480469 0.037500 0.026562
0 0.496875 0.745313 0.031250 0.040625
0 0.219531 0.405469 0.032813 0.032813
0 0.019531 0.083594 0.026562 0.035937
0 0.096875 0.160156 0.021875 0.032813
0 0.414062 0.836719 0.028125 0.042188
0 0.530469 0.203906 0.020313 0.045312
0 0.681250 0.132812 0.046875 0.028125
0 0.547656 0.043750 0.029687 0.040625
0 0.750781 0.539844 0.032813 0.029687
0 0.859375 0.824219 0.025000 0.035937
0 0.895312 0.716406 0.046875 0.035937
0 0.214844 0.560937 0.032813 0.034375
0 0.667969 0.824219 0.039062 0.029687
0 0.192969 0.526563 0.029687 0.043750
0 0.099219 0.115625 0.039062 0.021875
0 0.334375 0.719531 0.040625 0.035937
0 0.572656 0.892969 0.032813 0.039062
0 0.486719 0.346875 0.026562 0.040625
0 0.132812 0.519531 0.021875 0.048438
0 0.460938 0.600000 0.043750 0.025000
0 0.290625 0.680469 0.040625 0.023438
0 0.382031 0.462500 0.020313 0.046875
0 0.782813 0.964063 0.040625 0.028125
0 0.414844 0.154688 0.023438 0.040625
0 0.850781 0.020313 0.045312 0.021875
0 0.741406 0.014063 0.039062 0.028125
0 0.641406 0.458594 0.029687 0.042188
0 0.083594 0.833594 0.032813 0.035937
0 0.282031 0.913281 0.035937 0.026562
0 0.423438 0.428125 0.018750 0.040625
0 0.290625 0.707031 0.037500 0.035937
0 0.830469 0.524219 0.039062 0.032813
0 0.881250 0.101562 0.021875 0.053125
0 0.837500 0.428906 0.037500 0.035937
0 0.857812 0.569531 0.028125 0.035937
0 0.187500 0.253125 0.034375 0.034375
0 0.103906 0.193750 0.039062 0.021875
0 0.808594 0.730469 0.042188 0.039062
0 0.397656 0.779687 0.045312 0.025000
0 0.114844 0.670312 0.035937 0.043750
0 0.584375 0.946875 0.028125 0.046875
0 0.357812 0.248438 0.015625 0.046875
0 0.349219 0.771875 0.029687 0.034375
0 0.037500 0.154688 0.021875 0.043750
0 0.481250 0.706250 0.037500 0.028125
0 0.386719 0.204687 0.039062 0.025000
0 0.135937 0.700000 0.031250 0.037500
0 0.796875 0.444531 0.034375 0.048438
0 0.301563 0.636719 0.046875 0.023438
0 0.028125 0.034375 0.031250 0.031250
0 0.277344 0.428125 0.045312 0.018750
0 0.886719 0.771875 0.057813 0.028125
0 0.849219 0.957031 0.023438 0.048438
0 0.478125 0.653125 0.037500 0.028125
0 0.289844 0.057813 0.039062 0.021875
0 0.359375 0.574219 0.040625 0.023438
0 0.709375 0.800000 0.028125 0.059375
0 0.500781 0.528906 0.026562 0.048438
0 0.917969 0.825000 0.042188 0.034375
0 0.892188 0.566406 0.037500 0.029687
0 0.804688 0.823438 0.040625 0.021875
0 0.129688 0.736719 0.028125 0.035937
0 0.403906 0.562500 0.035937 0.018750
0 0.045312 0.657031 0.031250 0.045312
0 0.357031 0.052344 0.032813 0.035937
0 0.832812 0.681250 0.034375 0.050000
0 0.829688 0.473438 0.025000 0.040625
0 0.017188 0.559375 0.034375 0.021875
0 0.763281 0.216406 0.035937 0.032813
0 0.921875 0.125781 0.018750 0.048438
0 0.614844 0.611719 0.026562 0.042188
0 0.532031 0.442969 0.020313 0.048438
0 0.850000 0.861719 0.040625 0.035937
0 0.520312 0.690625 0.025000 0.053125
0 0.390625 0.114062 0.031250 0.037500
0 0.046875 0.439063 0.028125 0.040625
0 0.778906 0.128125 0.045312 0.018750
0 0.882812 0.832812 0.028125 0.043750
0 0.550781 0.389844 0.045312 0.023438
0 0.164844 0.109375 0.029687 0.028125
0 0.724219 0.508594 0.035937 0.039062
0 0.646094 0.598437 0.035937 0.046875
0 0.486719 0.016406 0.042188 0.026562
0 0.785156 0.285938 0.020313 0.046875
0 0.789062 0.694531 0.025000 0.042188
0 0.164062 0.227344 0.025000 0.042188
0 0.936719 0.026562 0.026562 0.037500
0 0.751563 0.602344 0.037500 0.029687
0 0.704688 0.300000 0.031250 0.034375
0 0.757812 0.252344 0.031250 0.045312
0 0.867969 0.609375 0.029687 0.040625
0 0.193750 0.118750 0.025000 0.040625
0 0.410938 0.337500 0.015625 0.031250
0 0.331250 0.807813 0.028125 0.046875
0 0.812500 0.863281 0.031250 0.039062
0 0.830469 0.639844 0.032813 0.042188
0 0.732812 0.742188 0.043750 0.034375
0 0.393750 0.908594 0.043750 0.035937
0 0.037500 0.718750 0.037500 0.031250
0 0.282031 0.032031 0.026562 0.042188
0 0.800781 0.596875 0.026562 0.043750
0 0.282031 0.725781 0.026562 0.035937
0 0.378906 0.673438 0.032813 0.034375
0 0.835156 0.155469 0.045312 0.029687
0 0.566406 0.587500 0.054688 0.034375
0 0.281250 0.506250 0.034375 0.037500
0 0.814063 0.378125 0.028125 0.046875
0 0.332031 0.039844 0.017188 0.045312
0 0.170313 0.978906 0.015625 0.032813
0 0.186719 0.860156 0.029687 0.029687
0 0.802344 0.635156 0.032813 0.035937
0 0.658594 0.152344 0.042188 0.023438
0 0.173437 0.285938 0.043750 0.021875
0 0.703125 0.059375 0.028125 0.028125
0 0.778125 0.882031 0.025000 0.051562
0 0.454688 0.066406 0.015625 0.042188
0 0.253125 0.537500 0.037500 0.028125
0 0.382812 0.590625 0.037500 0.031250
0 0.268750 0.557031 0.028125 0.048438
0 0.010937 0.650781 0.018750 0.048438
0 0.674219 0.370312 0.042188 0.018750
0 0.931250 0.267969 0.025000 0.035937
0 0.114844 0.326562 0.029687 0.037500
0 0.591406 0.319531 0.035937 0.039062
0 0.767188 0.800781 0.050000 0.020313
0 0.636719 0.310937 0.051562 0.021875
0 0.632031 0.796094 0.029687 0.026562
0 0.049219 0.040625 0.035937 0.040625
0 0.479687 0.215625 0.043750 0.021875
0 0.747656 0.626563 0.048438 0.021875
0 0.741406 0.470313 0.035937 0.028125
0 0.627344 0.670312 0.023438 0.040625
0 0.110937 0.357031 0.028125 0.026562
0 0.135937 0.350000 0.028125 0.050000
0 0.772656 0.172656 0.029687 0.039062
0 0.730469 0.953906 0.029687 0.020313
0 0.793750 0.780469 0.040625 0.026562
0 0.697656 0.723437 0.026562 0.043750
0 0.924219 0.869531 0.023438 0.048438
0 0.934375 0.470313 0.021875 0.053125
0 0.655469 0.181250 0.023438 0.043750
0 0.835938 0.765625 0.021875 0.040625
0 0.428906 0.188281 0.042188 0.023438
0 0.574219 0.367969 0.045312 0.017188
0 0.631250 0.380469 0.037500 0.029687
0 0.196875 0.877344 0.037500 0.023438
0 0.889844 0.615625 0.020313 0.046875
0 0.900000 0.903125 0.028125 0.037500
0 0.494531 0.305469 0.039062 0.020313
0 0.503906 0.287500 0.039062 0.021875
0 0.113281 0.390625 0.032813 0.043750
0 0.628906 0.950781 0.020313 0.035937
0 0.687500 0.283594 0.028125 0.023438
0 0.186719 0.210938 0.023438 0.043750
0 0.764062 0.678906 0.028125 0.045312
0 0.710938 0.949219 0.021875 0.051562
0 0.881250 0.307812 0.028125 0.028125
0 0.437500 0.657813 0.031250 0.037500
0 0.604688 0.394531 0.018750 0.048438
0 0.926562 0.175000 0.021875 0.046875
0 0.021875 0.010937 0.025000 0.021875
0 0.384375 0.009375 0.025000 0.018750
0 0.831250 0.326562 0.028125 0.040625
0 0.736719 0.706250 0.035937 0.031250
0 0.217969 0.989844 0.020313 0.020313
0 0.730469 0.592969 0.020313 0.029687
0 0.828125 0.560156 0.028125 0.035937
0 0.561719 0.545312 0.023438 0.018750
0 0.517188 0.624219 0.021875 0.042188
0 0.631250 0.198437 0.037500 0.018750
0 0.856250 0.321094 0.018750 0.045312
0 0.760156 0.902344 0.020313 0.042188
0 0.932031 0.746094 0.032813 0.029687
0 0.017969 0.698438 0.020313 0.040625
0 0.666406 0.328906 0.042188 0.026562
0 0.924219 0.917188 0.026562 0.046875
0 0.871875 0.237500 0.031250 0.028125
0 0.164844 0.305469 0.020313 0.029687
0 0.886719 0.336719 0.023438 0.035937
0 0.050000 0.368750 0.015625 0.043750
0 0.588281 0.349219 0.051562 0.023438
0 0.209375 0.053906 0.015625 0.017188
0 0.676562 0.607031 0.040625 0.020313
0 0.652344 0.403906 0.039062 0.032813
0 0.644531 0.940625 0.020313 0.025000
0 0.067969 0.428906 0.023438 0.054688
0 0.713281 0.336719 0.029687 0.020313
0 0.964844 0.099219 0.026562 0.045312
0 0.717969 0.464844 0.020313 0.045312
0 0.520312 0.489063 0.018750 0.018750
0 0.640625 0.770312 0.037500 0.028125
0 0.907031 0.300000 0.017188 0.031250
0 0.822656 0.590625 0.029687 0.034375
0 0.115625 0.762500 0.034375 0.025000
0 0.933594 0.773438 0.026562 0.037500
0 0.387500 0.092188 0.037500 0.025000
0 0.087500 0.764844 0.021875 0.035937
0 0.617188 0.027344 0.018750 0.020313
0 0.802344 0.149219 0.042188 0.020313
0 0.921875 0.988281 0.031250 0.023438
0 0.710156 0.637500 0.017188 0.034375
0 0.450781 0.226562 0.035937 0.043750
0 0.186719 0.990625 0.017188 0.015625
0 0.093750 0.785156 0.043750 0.026562
0 0.356250 0.904687 0.031250 0.025000
0 0.677344 0.401562 0.035937 0.021875
0 0.453125 0.191406 0.037500 0.026562
0 0.896094 0.277344 0.020313 0.048438
0 0.399219 0.072656 0.029687 0.029687
0 0.673438 0.347656 0.040625 0.020313
0 0.838281 0.627344 0.026562 0.023438
0 0.414844 0.669531 0.032813 0.017188
0 0.673438 0.621094 0.037500 0.017188
0 0.383594 0.622656 0.032813 0.045312
0 0.842187 0.308594 0.015625 0.029687
0 0.515625 0.656250 0.021875 0.015625
0 0.682031 0.636719 0.042188 0.017188
0 0.335938 0.903906 0.031250 0.023438
0 0.035156 0.685937 0.017188 0.043750
0 0.511719 0.941406 0.017188 0.017188
0 0.674219 0.725781 0.017188 0.039062
0 0.973437 0.042969 0.012500 0.026562
0 0.067187 0.414062 0.021875 0.034375
0 0.710938 0.682031 0.037500 0.017188
0 0.875000 0.219531 0.021875 0.020313
0 0.208594 0.455469 0.017188 0.014063
0 0.971094 0.067969 0.017188 0.020313
0 0.950000 0.985156 0.021875 0.023438
0 0.971094 0.010937 0.014063 0.021875
0 0.665625 0.653906 0.018750 0.020313
0 0.812500 0.941406 0.015625 0.014063
0 0.642969 0.649219 0.017188 0.048438
0 0.942969 0.164844 0.014063 0.029687
0 0.635156 0.907813 0.014063 0.015625
0 0.003906 0.987500 0.007812 0.018750
0 0.539844 0.286719 0.032813 0.023438
0 0.662500 0.681250 0.018750 0.031250
0 0.737500 0.466406 0.040625 0.042188
0 0.289844 0.763281 0.007812 0.017188
0 0.647656 0.692187 0.029687 0.009375
0 0.654687 0.228125 0.025000 0.040625
0 0.669531 0.215625 0.026562 0.021875
0 0.941406 0.294531 0.029687 0.042188
0 0.942969 0.320312 0.023438 0.037500
0 0.928906 0.388281 0.023438 0.045312
0 0.942969 0.402344 0.023438 0.048438
0 0.839063 0.365625 0.031250 0.037500
0 0.848437 0.388281 0.021875 0.035937
0 0.677344 0.667188 0.014063 0.034375
0 0.730469 0.662500 0.032813 0.025000
0 0.707812 0.661719 0.028125 0.023438
0 0.685937 0.685937 0.031250 0.021875
0 0.658594 0.712500 0.017188 0.025000
0 0.655469 0.728906 0.014063 0.023438
0 0.631250 0.713281 0.021875 0.039062
0 0.628906 0.739062 0.045312 0.025000
0 0.601562 0.746875 0.034375 0.021875
0 0.592187 0.703906 0.040625 0.035937
0 0.557813 0.723437 0.031250 0.043750
0 0.828125 0.798438 0.034375 0.028125
0 0.222656 0.875781 0.029687 0.032813
0 0.245312 0.880469 0.018750 0.026562
0 0.403906 0.652344 0.035937 0.032813
0 0.557813 0.265625 0.037500 0.037500
0 0.342969 0.396094 0.029687 0.042188