0 0.832812 0.854688 0.043750 0.031250
0 0.471094 0.078906 0.029687 0.035937
0 0.103125 0.848437 0.037500 0.037500
0 0.103125 0.637500 0.034375 0.043750
0 0.250781 0.699219 0.035937 0.029687
0 0.074219 0.817187 0.032813 0.034375
0 0.983594 0.306250 0.029687 0.040625
0 0.957812 0.732812 0.046875 0.021875
0 0.214844 0.158594 0.039062 0.026562
0 0.916406 0.386719 0.042188 0.035937
0 0.344531 0.057813 0.026562 0.046875
0 0.053125 0.975000 0.034375 0.037500
0 0.029687 0.635156 0.028125 0.032813
0 0.948438 0.425000 0.046875 0.025000
0 0.218750 0.879687 0.018750 0.040625
0 0.065625 0.280469 0.034375 0.029687
0 0.303125 0.068750 0.028125 0.040625
0 0.036719 0.389062 0.042188 0.031250
0 0.120313 0.095312 0.037500 0.031250
0 0.507031 0.435156 0.026562 0.039062
0 0.352344 0.628125 0.032813 0.043750
0 0.389062 0.061719 0.043750 0.023438
0 0.873437 0.714844 0.034375 0.035937
0 0.027344 0.596094 0.039062 0.029687
0 0.417187 0.185156 0.046875 0.023438
0 0.199219 0.042969 0.042188 0.020313
0 0.894531 0.797656 0.023438 0.045312
0 0.826562 0.678125 0.037500 0.034375
0 0.871094 0.652344 0.032813 0.042188
0 0.324219 0.482031 0.045312 0.020313
0 0.969531 0.466406 0.051562 0.026562
0 0.164062 0.578125 0.043750 0.037500
0 0.420312 0.087500 0.040625 0.018750
0 0.174219 0.112500 0.042188 0.037500
0 0.949219 0.287500 0.035937 0.034375
0 0.510156 0.556250 0.026562 0.050000
0 0.320312 0.875781 0.040625 0.020313
0 0.292969 0.593750 0.035937 0.037500
0 0.445312 0.210938 0.043750 0.034375
0 0.764844 0.895312 0.032813 0.043750
0 0.092969 0.971875 0.035937 0.028125
0 0.449219 0.455469 0.039062 0.035937
0 0.035937 0.807031 0.018750 0.048438
0 0.164844 0.636719 0.039062 0.035937
0 0.454688 0.173437 0.021875 0.046875
0 0.424219 0.254688 0.045312 0.043750
0 0.982031 0.597656 0.035937 0.029687
0 0.142969 0.896875 0.026562 0.037500
0 0.814844 0.580469 0.035937 0.042188
0 0.831250 0.441406 0.037500 0.032813
0 0.307812 0.531250 0.043750 0.025000
0 0.841406 0.800000 0.026562 0.043750
0 0.397656 0.132812 0.032813 0.046875
0 0.053125 0.864062 0.037500 0.031250
0 0.881250 0.753125 0.028125 0.031250
0 0.460938 0.417969 0.034375 0.042188
0 0.093750 0.060937 0.018750 0.046875
0 0.485938 0.284375 0.053125 0.025000
0 0.409375 0.774219 0.046875 0.020313
0 0.465625 0.960156 0.028125 0.045312
0 0.495312 0.711719 0.046875 0.032813
0 0.357031 0.189062 0.048438 0.025000
0 0.100781 0.700781 0.023438 0.045312
0 0.373437 0.267969 0.028125 0.042188
0 0.239063 0.831250 0.053125 0.021875
0 0.366406 0.472656 0.045312 0.023438
0 0.174219 0.846875 0.026562 0.040625
0 0.449219 0.895312 0.039062 0.034375
0 0.864062 0.373437 0.043750 0.018750
0 0.047656 0.900781 0.042188 0.026562
0 0.409375 0.383594 0.031250 0.042188
0 0.284375 0.840625 0.043750 0.018750
0 0.014844 0.923438 0.029687 0.025000
0 0.985938 0.640625 0.028125 0.028125
0 0.522656 0.882031 0.039062 0.035937
0 0.484375 0.396094 0.031250 0.039062
0 0.349219 0.367188 0.042188 0.021875
0 0.493750 0.210156 0.031250 0.048438
0 0.817969 0.501563 0.023438 0.043750
0 0.300000 0.945312 0.043750 0.031250
0 0.292969 0.371875 0.032813 0.034375
0 0.093750 0.913281 0.050000 0.023438
0 0.195312 0.651563 0.018750 0.043750
0 0.373437 0.156250 0.025000 0.043750
0 0.346094 0.745313 0.026562 0.043750
0 0.253906 0.400000 0.039062 0.028125
0 0.888281 0.514844 0.045312 0.026562
0 0.079687 0.103125 0.018750 0.046875
0 0.178906 0.273438 0.042188 0.040625
0 0.932031 0.638281 0.032813 0.029687
0 0.206250 0.725000 0.031250 0.031250
0 0.221094 0.246094 0.020313 0.039062
0 0.011719 0.666406 0.023438 0.020313
0 0.985156 0.021094 0.023438 0.042188
0 0.289844 0.554688 0.042188 0.028125
0 0.503906 0.742188 0.042188 0.034375
0 0.024219 0.516406 0.032813 0.039062
0 0.370312 0.521094 0.043750 0.023438
0 0.404687 0.286719 0.021875 0.042188
0 0.157812 0.192188 0.043750 0.021875
0 0.278125 0.614844 0.034375 0.035937
0 0.452344 0.363281 0.039062 0.032813
0 0.303125 0.208594 0.034375 0.042188
0 0.196094 0.605469 0.045312 0.020313
0 0.930469 0.678125 0.020313 0.043750
0 0.073438 0.706250 0.021875 0.053125
0 0.471094 0.746094 0.035937 0.048438
0 0.980469 0.244531 0.039062 0.020313
0 0.868750 0.613281 0.025000 0.048438
0 0.913281 0.017188 0.032813 0.034375
0 0.475000 0.780469 0.053125 0.020313
0 0.877344 0.409375 0.020313 0.046875
0 0.878125 0.441406 0.043750 0.026562
0 0.128906 0.765625 0.020313 0.046875
0 0.990625 0.057813 0.015625 0.025000
0 0.516406 0.848437 0.017188 0.043750
0 0.885938 0.485938 0.040625 0.031250
0 0.907813 0.309375 0.018750 0.050000
0 0.396094 0.924219 0.032813 0.039062
0 0.891406 0.573438 0.045312 0.025000
0 0.067969 0.011719 0.026562 0.023438
0 0.128906 0.185938 0.020313 0.046875
0 0.840625 0.392188 0.040625 0.037500
0 0.474219 0.343750 0.045312 0.025000
0 0.893750 0.078906 0.037500 0.032813
0 0.174219 0.744531 0.023438 0.048438
0 0.380469 0.231250 0.045312 0.018750
0 0.254688 0.573438 0.034375 0.046875
0 0.514844 0.337500 0.023438 0.056250
0 0.829688 0.242188 0.037500 0.028125
0 0.858594 0.474219 0.020313 0.045312
0 0.490625 0.506250 0.025000 0.046875
0 0.917188 0.595313 0.025000 0.034375
0 0.260937 0.971094 0.031250 0.039062
0 0.521875 0.775000 0.040625 0.034375
0 0.816406 0.617969 0.039062 0.020313
0 0.960156 0.210938 0.039062 0.025000
0 0.415625 0.212500 0.021875 0.037500
0 0.959375 0.771875 0.062500 0.034375
0 0.165625 0.083594 0.018750 0.045312
0 0.103125 0.197656 0.031250 0.035937
0 0.374219 0.374219 0.032813 0.039062
0 0.824219 0.641406 0.057813 0.023438
0 0.328125 0.280469 0.046875 0.032813
0 0.460156 0.823438 0.029687 0.043750
0 0.412500 0.950781 0.021875 0.042188
0 0.904687 0.056250 0.021875 0.043750
0 0.380469 0.344531 0.042188 0.020313
0 0.307812 0.352344 0.040625 0.020313
0 0.157031 0.158594 0.048438 0.026562
0 0.931250 0.162500 0.046875 0.018750
0 0.893750 0.608594 0.018750 0.045312
0 0.292969 0.771875 0.029687 0.025000
0 0.885156 0.334375 0.023438 0.034375
0 0.235156 0.512500 0.029687 0.046875
0 0.414844 0.350000 0.020313 0.037500
0 0.267188 0.020313 0.031250 0.040625
0 0.798438 0.737500 0.037500 0.034375
0 0.823438 0.763281 0.018750 0.045312
0 0.867188 0.053125 0.046875 0.025000
0 0.010156 0.011719 0.020313 0.023438
0 0.342969 0.512500 0.023438 0.043750
0 0.257031 0.360938 0.023438 0.050000
0 0.961719 0.064062 0.035937 0.031250
0 0.198437 0.283594 0.034375 0.023438
0 0.387500 0.317188 0.025000 0.037500
0 0.436719 0.381250 0.023438 0.034375
0 0.948438 0.892969 0.021875 0.048438
0 0.365625 0.582031 0.031250 0.026562
0 0.231250 0.338281 0.037500 0.026562
0 0.243750 0.220312 0.034375 0.021875
0 0.514062 0.246094 0.018750 0.054688
0 0.883594 0.145313 0.045312 0.021875
0 0.403125 0.850000 0.025000 0.031250
0 0.922656 0.476562 0.017188 0.043750
0 0.187500 0.313281 0.028125 0.039062
0 0.104688 0.139844 0.034375 0.048438
0 0.805469 0.147656 0.020313 0.042188
0 0.878906 0.007812 0.035937 0.015625
0 0.492188 0.807813 0.037500 0.021875
0 0.880469 0.301563 0.026562 0.034375
0 0.206250 0.485938 0.018750 0.046875
0 0.833594 0.710938 0.020313 0.050000
0 0.521875 0.178906 0.021875 0.042188
0 0.385156 0.217969 0.045312 0.017188
0 0.834375 0.097656 0.034375 0.032813
0 0.952344 0.655469 0.020313 0.042188
0 0.848437 0.557813 0.037500 0.034375
0 0.513281 0.018750 0.020313 0.037500
0 0.828125 0.354687 0.025000 0.031250
0 0.932813 0.140625 0.040625 0.018750
0 0.867188 0.020313 0.025000 0.040625
0 0.935937 0.199219 0.021875 0.039062
0 0.007031 0.220312 0.014063 0.021875
0 0.990625 0.493750 0.015625 0.043750
0 0.911719 0.637500 0.029687 0.050000
0 0.856250 0.543750 0.025000 0.034375
0 0.985156 0.182812 0.026562 0.034375
0 0.862500 0.253906 0.031250 0.032813
0 0.802344 0.468750 0.017188 0.040625
0 0.852344 0.275781 0.042188 0.023438
0 0.513281 0.495312 0.020313 0.037500
0 0.868750 0.093750 0.031250 0.040625
0 0.798438 0.010937 0.018750 0.021875
0 0.959375 0.611719 0.025000 0.051562
0 0.060937 0.226562 0.018750 0.043750
0 0.945312 0.084375 0.021875 0.037500
0 0.279687 0.980469 0.018750 0.039062
0 0.881250 0.118750 0.043750 0.028125
0 0.847656 0.144531 0.035937 0.020313
0 0.524219 0.146094 0.048438 0.023438
0 0.536719 0.804688 0.029687 0.037500
0 0.758594 0.989062 0.017188 0.018750
0 0.896875 0.471094 0.037500 0.017188
0 0.221875 0.369531 0.034375 0.032813
0 0.939063 0.118750 0.031250 0.034375
0 0.472656 0.603125 0.023438 0.056250
0 0.422656 0.904687 0.020313 0.050000
0 0.009375 0.244531 0.018750 0.020313
0 0.281250 0.303906 0.021875 0.035937
0 0.825000 0.060937 0.021875 0.050000
0 0.294531 0.325000 0.035937 0.034375
0 0.974219 0.518750 0.042188 0.031250
0 0.967187 0.153125 0.028125 0.018750
0 0.857812 0.178125 0.034375 0.037500
0 0.319531 0.231250 0.029687 0.018750
0 0.917969 0.200781 0.017188 0.042188
0 0.834375 0.175000 0.037500 0.018750
0 0.883594 0.190625 0.020313 0.031250
0 0.948438 0.249219 0.028125 0.042188
0 0.993750 0.537500 0.012500 0.031250
0 0.210156 0.521094 0.020313 0.029687
0 0.825781 0.324219 0.020313 0.026562
0 0.096094 0.516406 0.017188 0.017188
0 0.813281 0.274219 0.020313 0.048438
0 0.021094 0.369531 0.017188 0.020313
0 0.828125 0.193750 0.031250 0.018750
0 0.925000 0.228906 0.034375 0.017188
0 0.292969 0.243750 0.039062 0.018750
0 0.389844 0.582812 0.035937 0.021875
0 0.322656 0.318750 0.029687 0.018750
0 0.529687 0.120313 0.018750 0.037500
0 0.246875 0.287500 0.021875 0.025000
0 0.836719 0.022656 0.023438 0.045312
0 0.100781 0.230469 0.020313 0.023438
0 0.814844 0.400000 0.020313 0.050000
0 0.319531 0.339844 0.035937 0.017188
0 0.224219 0.288281 0.017188 0.042188
0 0.834375 0.216406 0.046875 0.020313
0 0.903906 0.269531 0.045312 0.026562
0 0.504687 0.467969 0.021875 0.032813
0 0.222656 0.994531 0.042188 0.010937
0 0.321875 0.753906 0.037500 0.020313
0 0.817969 0.021094 0.020313 0.032813
0 0.828125 0.154688 0.018750 0.025000
0 0.560156 0.859375 0.017188 0.037500
0 0.860156 0.325781 0.023438 0.032813
0 0.887500 0.246875 0.040625 0.021875
0 0.981250 0.140625 0.028125 0.031250
0 0.268750 0.284375 0.028125 0.025000
0 0.317188 0.160156 0.015625 0.023438
0 0.535937 0.840625 0.031250 0.043750
0 0.925781 0.073438 0.023438 0.021875
0 0.316406 0.771875 0.029687 0.018750
0 0.967187 0.107031 0.025000 0.014063
0 0.878125 0.222656 0.028125 0.023438
0 0.469531 0.812500 0.029687 0.031250
0 0.250000 0.257812 0.037500 0.015625
0 0.859375 0.301563 0.021875 0.031250
0 0.269531 0.265625 0.026562 0.025000
0 0.966406 0.871094 0.032813 0.020313
0 0.967187 0.088281 0.025000 0.020313
0 0.793750 0.221875 0.021875 0.037500
0 0.796875 0.095312 0.028125 0.050000
0 0.804688 0.190625 0.015625 0.040625
0 0.207031 0.308594 0.020313 0.029687
0 0.210938 0.329688 0.021875 0.031250