0 0.406250 0.567187 0.025000 0.037500
0 0.445312 0.700000 0.025000 0.043750
0 0.682031 0.470313 0.042188 0.025000
0 0.169531 0.889844 0.029687 0.032813
0 0.200781 0.950781 0.032813 0.026562
0 0.464844 0.375781 0.032813 0.035937
0 0.548438 0.275000 0.043750 0.028125
0 0.301563 0.939844 0.028125 0.039062
0 0.885156 0.866406 0.042188 0.026562
0 0.129688 0.716406 0.028125 0.039062
0 0.796875 0.217188 0.043750 0.031250
0 0.322656 0.770312 0.042188 0.021875
0 0.722656 0.462500 0.029687 0.037500
0 0.091406 0.581250 0.032813 0.031250
0 0.714063 0.962500 0.040625 0.025000
0 0.567969 0.794531 0.026562 0.042188
0 0.975781 0.876563 0.029687 0.037500
0 0.942969 0.385156 0.026562 0.045312
0 0.139844 0.688281 0.026562 0.035937
0 0.143750 0.606250 0.021875 0.043750
0 0.766406 0.819531 0.029687 0.048438
0 0.111719 0.746875 0.039062 0.031250
0 0.510156 0.806250 0.020313 0.040625
0 0.535937 0.762500 0.028125 0.040625
0 0.210938 0.789844 0.034375 0.042188
0 0.516406 0.685937 0.032813 0.040625
0 0.617969 0.770312 0.035937 0.025000
0 0.748437 0.292187 0.015625 0.043750
0 0.764844 0.198437 0.039062 0.031250
0 0.382031 0.433594 0.032813 0.032813
0 0.455469 0.212500 0.042188 0.028125
0 0.618750 0.637500 0.034375 0.034375
0 0.889844 0.580469 0.045312 0.020313
0 0.051562 0.953906 0.028125 0.032813
0 0.768750 0.359375 0.018750 0.046875
0 0.498437 0.321094 0.037500 0.023438
0 0.708594 0.503906 0.035937 0.032813
0 0.898438 0.935156 0.031250 0.048438
0 0.975000 0.732031 0.034375 0.032813
0 0.475000 0.246094 0.031250 0.035937
0 0.295312 0.386719 0.025000 0.042188
0 0.451562 0.979688 0.028125 0.037500
0 0.621875 0.900000 0.040625 0.028125
0 0.158594 0.772656 0.026562 0.039062
0 0.446094 0.600000 0.032813 0.037500
0 0.182812 0.835156 0.043750 0.023438
0 0.962500 0.493750 0.040625 0.018750
0 0.112500 0.417969 0.018750 0.042188
0 0.985156 0.242188 0.029687 0.031250
0 0.684375 0.848437 0.040625 0.021875
0 0.828125 0.672656 0.046875 0.032813
0 0.842969 0.858594 0.023438 0.048438
0 0.800781 0.870313 0.023438 0.043750
0 0.757031 0.778906 0.045312 0.020313
0 0.446094 0.518750 0.020313 0.043750
0 0.925781 0.533594 0.042188 0.017188
0 0.977344 0.660156 0.039062 0.029687
0 0.900000 0.313281 0.018750 0.039062
0 0.896875 0.611719 0.046875 0.020313
0 0.375000 0.575000 0.031250 0.046875
0 0.473438 0.487500 0.031250 0.037500
0 0.674219 0.914844 0.042188 0.035937
0 0.228906 0.300781 0.029687 0.039062
0 0.500781 0.192188 0.039062 0.021875
0 0.539062 0.369531 0.043750 0.023438
0 0.064062 0.508594 0.018750 0.042188
0 0.630469 0.670312 0.045312 0.031250
0 0.339062 0.871875 0.034375 0.015625
0 0.601562 0.703125 0.037500 0.031250
0 0.589063 0.864844 0.021875 0.045312
0 0.022656 0.683594 0.023438 0.045312
0 0.840625 0.368750 0.043750 0.034375
0 0.931250 0.222656 0.037500 0.032813
0 0.809375 0.630469 0.021875 0.048438
0 0.104688 0.778906 0.028125 0.035937
0 0.841406 0.696094 0.051562 0.023438
0 0.669531 0.697656 0.045312 0.032813
0 0.581250 0.904687 0.031250 0.040625
0 0.728125 0.754687 0.040625 0.025000
0 0.067187 0.803125 0.031250 0.040625
0 0.981250 0.548438 0.021875 0.050000
0 0.402344 0.188281 0.029687 0.045312
0 0.795312 0.435937 0.040625 0.025000
0 0.133594 0.784375 0.032813 0.034375
0 0.068750 0.616406 0.037500 0.039062
0 0.064062 0.740625 0.021875 0.043750
0 0.363281 0.603125 0.045312 0.025000
0 0.871875 0.958594 0.025000 0.042188
0 0.716406 0.658594 0.045312 0.023438
0 0.039062 0.161719 0.034375 0.026562
0 0.764844 0.643750 0.020313 0.046875
0 0.496094 0.714844 0.014063 0.029687
0 0.491406 0.517188 0.026562 0.037500
0 0.915625 0.891406 0.040625 0.020313
0 0.162500 0.256250 0.040625 0.021875
0 0.010937 0.983594 0.021875 0.029687
0 0.812500 0.151562 0.040625 0.025000
0 0.451562 0.438281 0.031250 0.026562
0 0.867969 0.170313 0.045312 0.021875
0 0.432031 0.853906 0.039062 0.026562
0 0.116406 0.364063 0.029687 0.037500
0 0.635938 0.711719 0.021875 0.045312
0 0.021094 0.568750 0.032813 0.040625
0 0.886719 0.672656 0.020313 0.051562
0 0.475781 0.169531 0.035937 0.035937
0 0.297656 0.582812 0.023438 0.043750
0 0.286719 0.550781 0.026562 0.039062
0 0.685156 0.769531 0.045312 0.020313
0 0.882031 0.713281 0.045312 0.026562
0 0.761719 0.538281 0.035937 0.020313
0 0.516406 0.565625 0.045312 0.021875
0 0.134375 0.326562 0.034375 0.034375
0 0.039844 0.808594 0.023438 0.032813
0 0.480469 0.867188 0.023438 0.050000
0 0.917969 0.697656 0.035937 0.029687
0 0.489063 0.579688 0.031250 0.043750
0 0.437500 0.175781 0.021875 0.048438
0 0.216406 0.246094 0.042188 0.020313
0 0.018750 0.728906 0.018750 0.039062
0 0.953125 0.682031 0.021875 0.048438
0 0.242188 0.325781 0.046875 0.035937
0 0.565625 0.237500 0.040625 0.021875
0 0.661719 0.553125 0.023438 0.037500
0 0.365625 0.239063 0.034375 0.031250
0 0.989062 0.196094 0.018750 0.042188
0 0.989062 0.155469 0.021875 0.020313
0 0.230469 0.654687 0.032813 0.031250
0 0.942187 0.194531 0.021875 0.042188
0 0.285938 0.858594 0.037500 0.026562
0 0.266406 0.840625 0.020313 0.040625
0 0.789062 0.549219 0.025000 0.042188
0 0.253906 0.351562 0.017188 0.040625
0 0.954688 0.975000 0.021875 0.046875
0 0.089844 0.171094 0.042188 0.026562
0 0.910937 0.148438 0.018750 0.043750
0 0.970313 0.705469 0.034375 0.045312
0 0.465625 0.835156 0.028125 0.039062
0 0.226562 0.260156 0.037500 0.017188
0 0.225781 0.731250 0.039062 0.037500
0 0.066406 0.868750 0.020313 0.043750
0 0.731250 0.143750 0.034375 0.034375
0 0.946875 0.142187 0.034375 0.018750
0 0.198437 0.712500 0.031250 0.028125
0 0.989062 0.748437 0.018750 0.034375
0 0.041406 0.864844 0.023438 0.042188
0 0.226562 0.686719 0.025000 0.035937
0 0.878125 0.143750 0.028125 0.031250
0 0.742188 0.713281 0.021875 0.017188
0 0.641406 0.558594 0.017188 0.042188
0 0.919531 0.675000 0.039062 0.046875
0 0.967969 0.122656 0.048438 0.020313
0 0.710156 0.689844 0.020313 0.045312
0 0.596875 0.224219 0.028125 0.032813
0 0.955469 0.617969 0.029687 0.026562
0 0.560937 0.640625 0.018750 0.040625
0 0.815625 0.717969 0.059375 0.023438
0 0.260156 0.604688 0.023438 0.040625
0 0.663281 0.888281 0.020313 0.045312
0 0.852344 0.127344 0.039062 0.023438
0 0.940625 0.112500 0.037500 0.031250
0 0.537500 0.607812 0.034375 0.037500
0 0.788281 0.682031 0.026562 0.039062
0 0.829688 0.393750 0.034375 0.031250
0 0.857812 0.989844 0.050000 0.017188
0 0.962500 0.153906 0.037500 0.020313
0 0.117969 0.142969 0.042188 0.020313
0 0.708594 0.407031 0.017188 0.020313
0 0.658594 0.961719 0.045312 0.026562
0 0.300000 0.324219 0.021875 0.045312
0 0.256250 0.665625 0.025000 0.050000
0 0.050781 0.835156 0.042188 0.020313
0 0.067187 0.159375 0.034375 0.025000
0 0.060156 0.710938 0.035937 0.018750
0 0.674219 0.744531 0.042188 0.029687
0 0.319531 0.282813 0.039062 0.034375
0 0.603125 0.991406 0.034375 0.017188
0 0.078906 0.685156 0.020313 0.042188
0 0.272656 0.587500 0.017188 0.037500
0 0.663281 0.992188 0.042188 0.015625
0 0.160938 0.333594 0.028125 0.051562
0 0.968750 0.182031 0.021875 0.039062
0 0.233594 0.207813 0.048438 0.018750
0 0.603125 0.943750 0.034375 0.046875
0 0.039844 0.750000 0.026562 0.025000
0 0.327344 0.310156 0.017188 0.042188
0 0.296094 0.432031 0.017188 0.017188
0 0.661719 0.250000 0.029687 0.037500
0 0.920312 0.096094 0.040625 0.014063
0 0.922656 0.986719 0.051562 0.023438
0 0.361719 0.262500 0.042188 0.025000
0 0.017969 0.877344 0.032813 0.023438
0 0.918750 0.745313 0.046875 0.018750
0 0.776563 0.669531 0.034375 0.035937
0 0.629687 0.979688 0.015625 0.037500
0 0.011719 0.471875 0.023438 0.015625
0 0.016406 0.600781 0.023438 0.035937
0 0.077344 0.646875 0.032813 0.028125
0 0.382031 0.328125 0.026562 0.043750
0 0.643750 0.231250 0.025000 0.040625
0 0.018750 0.781250 0.037500 0.034375
0 0.961719 0.598437 0.026562 0.021875
0 0.017969 0.810156 0.017188 0.029687
0 0.582031 0.667188 0.032813 0.018750
0 0.805469 0.995313 0.032813 0.009375
0 0.518750 0.610938 0.021875 0.034375
0 0.993750 0.514062 0.009375 0.021875
0 0.667969 0.724219 0.023438 0.026562
0 0.296094 0.807031 0.014063 0.017188
0 0.817969 0.963281 0.017188 0.023438
0 0.310937 0.266406 0.018750 0.023438
0 0.255469 0.191406 0.042188 0.020313
0 0.343750 0.291406 0.021875 0.023438
0 0.905469 0.114844 0.035937 0.020313
0 0.154688 0.168750 0.034375 0.037500
0 0.017188 0.860156 0.028125 0.026562
0 0.386719 0.320312 0.020313 0.025000
0 0.702344 0.729688 0.026562 0.034375
0 0.917188 0.731250 0.025000 0.015625
0 0.559375 0.698438 0.040625 0.025000
0 0.557031 0.164844 0.017188 0.051562
0 0.556250 0.164844 0.046875 0.023438
0 0.878906 0.103125 0.048438 0.018750
0 0.880469 0.126562 0.026562 0.037500
0 0.011719 0.820312 0.014063 0.021875
0 0.022656 0.846094 0.014063 0.026562
0 0.010156 0.837500 0.020313 0.015625
0 0.432812 0.764062 0.015625 0.050000