0 0.546875 0.990625 0.021875 0.018750
0 0.478906 0.983594 0.035937 0.020313
0 0.782813 0.974219 0.031250 0.032813
0 0.396875 0.961719 0.018750 0.014063
0 0.520312 0.946875 0.028125 0.062500
0 0.810937 0.922656 0.037500 0.035937
0 0.302344 0.859375 0.026562 0.015625
0 0.800000 0.793750 0.025000 0.059375
0 0.846875 0.783594 0.028125 0.042188
0 0.813281 0.739062 0.035937 0.028125
0 0.803906 0.689844 0.017188 0.042188
0 0.639062 0.611719 0.037500 0.035937
0 0.382031 0.608594 0.026562 0.045312
0 0.614844 0.568750 0.023438 0.046875
0 0.506250 0.565625 0.018750 0.040625
0 0.680469 0.521875 0.039062 0.018750
0 0.290625 0.489063 0.046875 0.031250
0 0.691406 0.453125 0.029687 0.043750
0 0.630469 0.417969 0.039062 0.020313
0 0.347656 0.399219 0.042188 0.029687
0 0.994531 0.382812 0.010937 0.034375
0 0.281250 0.364844 0.034375 0.039062
0 0.672656 0.360156 0.032813 0.042188
0 0.633594 0.353906 0.026562 0.042188
0 0.591406 0.314844 0.020313 0.039062
0 0.583594 0.283594 0.042188 0.029687
0 0.845313 0.279687 0.028125 0.031250
0 0.951562 0.275781 0.040625 0.026562
0 0.354687 0.280469 0.015625 0.042188
0 0.707031 0.275000 0.020313 0.046875
0 0.326562 0.238281 0.021875 0.048438
0 0.444531 0.171875 0.020313 0.021875
0 0.475781 0.165625 0.035937 0.018750
0 0.689844 0.143750 0.035937 0.034375
0 0.359375 0.140625 0.025000 0.031250
0 0.400781 0.123438 0.014063 0.018750
0 0.524219 0.121875 0.039062 0.034375
0 0.672656 0.118750 0.039062 0.031250
0 0.971094 0.091406 0.032813 0.032813
0 0.604688 0.050781 0.040625 0.020313
0 0.796094 0.036719 0.042188 0.020313
0 0.607031 0.014063 0.026562 0.028125
0 0.308594 0.415625 0.035937 0.031250
0 0.342969 0.441406 0.032813 0.026562
0 0.386719 0.440625 0.042188 0.025000
0 0.482812 0.206250 0.037500 0.018750
0 0.507812 0.216406 0.025000 0.035937
0 0.477344 0.218750 0.039062 0.015625
0 0.442969 0.221094 0.035937 0.017188
0 0.454688 0.239844 0.037500 0.026562
0 0.510938 0.251563 0.037500 0.025000
0 0.431250 0.268750 0.028125 0.021875
0 0.457031 0.255469 0.029687 0.026562
0 0.467969 0.263281 0.029687 0.035937
0 0.553906 0.278906 0.014063 0.020313
0 0.232031 0.019531 0.017188 0.039062
0 0.502344 0.351562 0.023438 0.037500
0 0.531250 0.342969 0.034375 0.029687
0 0.712500 0.075000 0.037500 0.025000
0 0.734375 0.099219 0.040625 0.017188
0 0.753906 0.073438 0.035937 0.034375
0 0.672656 0.220312 0.029687 0.037500
0 0.703906 0.211719 0.032813 0.026562
0 0.267969 0.590625 0.020313 0.031250
0 0.283594 0.628906 0.042188 0.023438
0 0.305469 0.603125 0.017188 0.031250
0 0.303906 0.582031 0.039062 0.026562
0 0.554688 0.835938 0.018750 0.050000
0 0.556250 0.787500 0.028125 0.028125
0 0.560937 0.802344 0.031250 0.020313
0 0.600000 0.788281 0.021875 0.035937
0 0.628906 0.800000 0.020313 0.037500
0 0.647656 0.810937 0.026562 0.034375
0 0.610938 0.853125 0.018750 0.050000
0 0.603906 0.817187 0.035937 0.018750
0 0.645312 0.885156 0.021875 0.045312
0 0.705469 0.896875 0.042188 0.028125
0 0.669531 0.889062 0.029687 0.021875
0 0.678906 0.911719 0.042188 0.014063
0 0.651563 0.918750 0.037500 0.021875
0 0.640625 0.935937 0.043750 0.015625
0 0.624219 0.903125 0.039062 0.018750
0 0.702344 0.992188 0.017188 0.012500
0 0.695312 0.965625 0.040625 0.037500
0 0.287500 0.698438 0.031250 0.031250
0 0.310937 0.692187 0.025000 0.040625
0 0.246875 0.742969 0.021875 0.035937
0 0.300000 0.733594 0.028125 0.039062
0 0.341406 0.730469 0.051562 0.029687
0 0.253125 0.765625 0.021875 0.037500
0 0.253125 0.793750 0.043750 0.015625
0 0.298438 0.758594 0.031250 0.029687
0 0.313281 0.761719 0.023438 0.035937
0 0.268750 0.875781 0.021875 0.045312
0 0.263281 0.911719 0.039062 0.020313
0 0.267969 0.935156 0.023438 0.029687
0 0.355469 0.863281 0.017188 0.039062
0 0.332813 0.878906 0.040625 0.029687
0 0.408594 0.830469 0.014063 0.039062
0 0.374219 0.847656 0.029687 0.023438
0 0.393750 0.842969 0.012500 0.035937
0 0.375000 0.891406 0.025000 0.032813
0 0.415625 0.928125 0.021875 0.037500
0 0.434375 0.928125 0.021875 0.046875
0 0.399219 0.883594 0.020313 0.045312
0 0.499219 0.859375 0.017188 0.018750
0 0.514844 0.847656 0.017188 0.023438
0 0.303906 0.560156 0.039062 0.020313
0 0.609375 0.452344 0.034375 0.032813
0 0.569531 0.441406 0.020313 0.023438
0 0.588281 0.443750 0.032813 0.031250
0 0.575000 0.478906 0.053125 0.014063
0 0.572656 0.461719 0.032813 0.020313
0 0.830469 0.357031 0.020313 0.048438
0 0.864844 0.339062 0.026562 0.025000
0 0.896094 0.241406 0.029687 0.045312
0 0.928125 0.226562 0.034375 0.040625
0 0.970313 0.222656 0.031250 0.035937
0 0.975000 0.250000 0.031250 0.021875
0 0.940625 0.189062 0.037500 0.018750
0 0.964844 0.183594 0.032813 0.029687
0 0.794531 0.160938 0.029687 0.025000
0 0.982031 0.067187 0.032813 0.028125
0 0.983594 0.032813 0.029687 0.028125
0 0.847656 0.512500 0.048438 0.025000
0 0.838281 0.546875 0.026562 0.043750
0 0.867188 0.539844 0.037500 0.029687
0 0.772656 0.596094 0.032813 0.042188
0 0.793750 0.594531 0.028125 0.035937
0 0.914844 0.637500 0.045312 0.031250
0 0.942969 0.657031 0.029687 0.029687
0 0.962500 0.655469 0.040625 0.032813
0 0.907813 0.707812 0.028125 0.040625
0 0.917969 0.737500 0.023438 0.015625
0 0.968750 0.741406 0.043750 0.029687
0 0.991406 0.741406 0.014063 0.014063
0 0.965625 0.470313 0.034375 0.050000
0 0.960156 0.533594 0.045312 0.014063
0 0.958594 0.506250 0.042188 0.018750
0 0.936719 0.518750 0.029687 0.018750
0 0.842969 0.350000 0.014063 0.040625
0 0.517188 0.467969 0.021875 0.048438
0 0.528125 0.437500 0.021875 0.021875
0 0.514062 0.411719 0.025000 0.014063
0 0.909375 0.937500 0.018750 0.028125
0 0.946875 0.946875 0.050000 0.015625
0 0.954688 0.968750 0.028125 0.034375
0 0.971875 0.962500 0.015625 0.015625
0 0.332813 0.971094 0.034375 0.026562
0 0.321094 0.993750 0.023438 0.009375