0 0.293750 0.989062 0.043750 0.021875
0 0.032813 0.973437 0.028125 0.034375
0 0.130469 0.969531 0.023438 0.045312
0 0.105469 0.951562 0.020313 0.046875
0 0.603906 0.937500 0.017188 0.025000
0 0.018750 0.941406 0.021875 0.035937
0 0.949219 0.911719 0.035937 0.035937
0 0.371094 0.902344 0.032813 0.035937
0 0.450000 0.903906 0.025000 0.045312
0 0.131250 0.864062 0.018750 0.012500
0 0.010937 0.864062 0.021875 0.018750
0 0.039844 0.857031 0.017188 0.023438
0 0.343750 0.857812 0.037500 0.034375
0 0.592187 0.846875 0.043750 0.040625
0 0.652344 0.825781 0.042188 0.026562
0 0.385937 0.830469 0.031250 0.045312
0 0.436719 0.810156 0.020313 0.014063
0 0.307812 0.821875 0.025000 0.046875
0 0.033594 0.784375 0.017188 0.021875
0 0.140625 0.745313 0.025000 0.043750
0 0.015625 0.721094 0.031250 0.023438
0 0.074219 0.716406 0.035937 0.029687
0 0.268750 0.724219 0.034375 0.057813
0 0.402344 0.704688 0.045312 0.025000
0 0.221094 0.701562 0.032813 0.037500
0 0.595313 0.703906 0.025000 0.045312
0 0.635156 0.685937 0.048438 0.021875
0 0.532031 0.665625 0.039062 0.034375
0 0.644531 0.646094 0.048438 0.020313
0 0.970313 0.649219 0.028125 0.048438
0 0.245312 0.639844 0.037500 0.029687
0 0.428906 0.631250 0.045312 0.018750
0 0.293750 0.620313 0.046875 0.021875
0 0.604688 0.624219 0.018750 0.045312
0 0.980469 0.615625 0.029687 0.043750
0 0.366406 0.592969 0.045312 0.023438
0 0.467969 0.578906 0.039062 0.035937
0 0.990625 0.571094 0.018750 0.048438
0 0.097656 0.539844 0.035937 0.017188
0 0.135156 0.521875 0.042188 0.018750
0 0.637500 0.533594 0.028125 0.048438
0 0.379688 0.512500 0.021875 0.015625
0 0.010937 0.506250 0.021875 0.025000
0 0.129688 0.489844 0.043750 0.026562
0 0.167187 0.493750 0.031250 0.040625
0 0.091406 0.471875 0.017188 0.043750
0 0.057813 0.456250 0.018750 0.018750
0 0.519531 0.457813 0.020313 0.043750
0 0.437500 0.456250 0.031250 0.040625
0 0.118750 0.428906 0.018750 0.039062
0 0.248438 0.421875 0.037500 0.028125
0 0.275000 0.401562 0.034375 0.037500
0 0.639844 0.401562 0.020313 0.046875
0 0.546094 0.395313 0.026562 0.040625
0 0.598437 0.390625 0.040625 0.040625
0 0.171875 0.388281 0.021875 0.045312
0 0.234375 0.371094 0.031250 0.042188
0 0.335156 0.348438 0.042188 0.025000
0 0.026562 0.287500 0.021875 0.043750
0 0.204687 0.260937 0.031250 0.034375
0 0.063281 0.211719 0.045312 0.032813
0 0.132812 0.201563 0.040625 0.021875
0 0.239844 0.182812 0.039062 0.021875
0 0.085156 0.132031 0.045312 0.032813
0 0.160938 0.122656 0.034375 0.042188
0 0.442969 0.098437 0.026562 0.040625
0 0.489063 0.088281 0.018750 0.045312
0 0.457813 0.055469 0.043750 0.020313
0 0.513281 0.045312 0.023438 0.043750
0 0.497656 0.004687 0.039062 0.009375
0 0.262500 0.080469 0.040625 0.023438
0 0.230469 0.092188 0.039062 0.034375
0 0.262500 0.114062 0.040625 0.028125
0 0.292969 0.117188 0.048438 0.028125
0 0.298438 0.142969 0.046875 0.032813
0 0.284375 0.197656 0.046875 0.032813
0 0.309375 0.187500 0.034375 0.046875
0 0.348438 0.181250 0.046875 0.034375
0 0.260937 0.275781 0.034375 0.035937
0 0.256250 0.317188 0.018750 0.043750
0 0.276562 0.321875 0.028125 0.050000
0 0.300000 0.318750 0.028125 0.015625
0 0.290625 0.298438 0.031250 0.037500
0 0.307812 0.287500 0.031250 0.025000
0 0.287500 0.271875 0.021875 0.025000
0 0.307812 0.261719 0.031250 0.029687
0 0.304688 0.239844 0.043750 0.023438
0 0.314063 0.227344 0.040625 0.026562
0 0.359375 0.214062 0.050000 0.025000
0 0.347656 0.238281 0.032813 0.032813
0 0.335156 0.257812 0.023438 0.040625
0 0.332813 0.297656 0.028125 0.035937
0 0.335938 0.317188 0.031250 0.034375
0 0.328906 0.384375 0.045312 0.043750
0 0.412500 0.397656 0.031250 0.051562
0 0.390625 0.378906 0.031250 0.032813
0 0.361719 0.363281 0.029687 0.029687
0 0.378906 0.342969 0.023438 0.023438
0 0.360938 0.324219 0.034375 0.032813
0 0.379688 0.304688 0.043750 0.012500
0 0.378906 0.288281 0.039062 0.020313
0 0.364844 0.271094 0.045312 0.026562
0 0.378125 0.243750 0.040625 0.031250
0 0.390625 0.214062 0.028125 0.043750
0 0.427344 0.213281 0.048438 0.026562
0 0.443750 0.247656 0.043750 0.020313
0 0.467187 0.260156 0.050000 0.029687
0 0.445312 0.288281 0.028125 0.029687
0 0.428125 0.284375 0.018750 0.037500
0 0.413281 0.274219 0.023438 0.045312
0 0.416406 0.310156 0.029687 0.032813
0 0.410938 0.331250 0.034375 0.021875
0 0.463281 0.313281 0.054688 0.026562
0 0.463281 0.353906 0.029687 0.048438
0 0.442969 0.347656 0.026562 0.039062
0 0.466406 0.383594 0.023438 0.032813
0 0.494531 0.365625 0.032813 0.043750
0 0.658594 0.367188 0.020313 0.050000
0 0.592187 0.341406 0.021875 0.048438
0 0.557813 0.354687 0.050000 0.028125
0 0.554688 0.317188 0.053125 0.025000
0 0.555469 0.292969 0.045312 0.032813
0 0.581250 0.257812 0.021875 0.053125
0 0.608594 0.258594 0.029687 0.039062
0 0.634375 0.242188 0.021875 0.037500
0 0.655469 0.242969 0.023438 0.039062
0 0.643750 0.215625 0.025000 0.037500
0 0.671094 0.213281 0.020313 0.045312
0 0.649219 0.187500 0.020313 0.043750
0 0.646875 0.141406 0.034375 0.048438
0 0.675000 0.133594 0.018750 0.054688
0 0.621094 0.184375 0.032813 0.040625
0 0.600781 0.179688 0.039062 0.021875
0 0.616406 0.222656 0.020313 0.032813
0 0.609375 0.228906 0.018750 0.035937
0 0.583594 0.199219 0.039062 0.032813
0 0.571094 0.221094 0.051562 0.023438
0 0.535937 0.183594 0.018750 0.051562
0 0.518750 0.187500 0.021875 0.040625
0 0.494531 0.189062 0.029687 0.046875
0 0.474219 0.192969 0.023438 0.042188
0 0.457813 0.223438 0.034375 0.028125
0 0.479687 0.228125 0.043750 0.021875
0 0.401562 0.149219 0.040625 0.039062
0 0.434375 0.171875 0.043750 0.028125
0 0.472656 0.161719 0.029687 0.039062
0 0.453906 0.143750 0.029687 0.037500
0 0.627344 0.029687 0.032813 0.037500
0 0.608594 0.029687 0.023438 0.050000
0 0.587500 0.027344 0.015625 0.051562
0 0.573438 0.039844 0.028125 0.057813
0 0.485156 0.496094 0.035937 0.026562
0 0.450781 0.504687 0.048438 0.025000
0 0.397656 0.546094 0.032813 0.035937
0 0.365625 0.553125 0.043750 0.025000
0 0.423438 0.575000 0.037500 0.034375
0 0.417187 0.596094 0.037500 0.039062
0 0.242188 0.535156 0.031250 0.020313
0 0.239063 0.503125 0.025000 0.025000
0 0.281250 0.675000 0.031250 0.050000
0 0.322656 0.694531 0.048438 0.029687
0 0.211719 0.649219 0.026562 0.045312
0 0.192188 0.685937 0.040625 0.050000
0 0.177344 0.721094 0.039062 0.035937
0 0.148438 0.667969 0.018750 0.048438
0 0.120313 0.659375 0.040625 0.031250
0 0.084375 0.682813 0.040625 0.028125
0 0.085156 0.787500 0.029687 0.053125
0 0.105469 0.816406 0.035937 0.039062
0 0.041406 0.662500 0.032813 0.037500
0 0.010156 0.685937 0.020313 0.043750
0 0.146875 0.842969 0.043750 0.045312
0 0.186719 0.878906 0.017188 0.020313
0 0.273438 0.884375 0.043750 0.021875
0 0.267969 0.856250 0.032813 0.043750
0 0.229687 0.957031 0.031250 0.032813
0 0.257812 0.960156 0.037500 0.020313
0 0.203125 0.967187 0.028125 0.040625
0 0.189062 0.947656 0.028125 0.026562
0 0.190625 0.977344 0.040625 0.026562
0 0.110156 0.990625 0.029687 0.015625
0 0.155469 0.464062 0.048438 0.028125
0 0.183594 0.429688 0.035937 0.040625
0 0.013281 0.469531 0.026562 0.020313
0 0.016406 0.447656 0.032813 0.032813
0 0.007031 0.407031 0.014063 0.026562
0 0.007031 0.592969 0.014063 0.042188
0 0.032813 0.607812 0.037500 0.025000
0 0.062500 0.592969 0.031250 0.032813
0 0.089844 0.578906 0.032813 0.035937
0 0.086719 0.607031 0.039062 0.029687
0 0.070312 0.635156 0.021875 0.039062
0 0.112500 0.603125 0.031250 0.025000
0 0.116406 0.627344 0.039062 0.026562
0 0.161719 0.625781 0.045312 0.026562
0 0.137500 0.617969 0.025000 0.048438
0 0.462500 0.737500 0.040625 0.034375
0 0.435937 0.747656 0.028125 0.045312
0 0.395313 0.917969 0.018750 0.051562
0 0.400000 0.953125 0.034375 0.043750
0 0.699219 0.857031 0.026562 0.048438
0 0.653906 0.850781 0.048438 0.032813
0 0.647656 0.868750 0.048438 0.025000
0 0.666406 0.757812 0.026562 0.043750
0 0.527344 0.867188 0.035937 0.050000
0 0.553125 0.895312 0.037500 0.037500
0 0.563281 0.916406 0.039062 0.035937
0 0.572656 0.948438 0.029687 0.043750
0 0.606250 0.971875 0.037500 0.037500
0 0.685937 0.992188 0.025000 0.012500
0 0.661719 0.602344 0.032813 0.054688
0 0.093750 0.288281 0.043750 0.023438
0 0.113281 0.215625 0.032813 0.025000
0 0.142187 0.221094 0.037500 0.017188
0 0.142187 0.238281 0.040625 0.017188
0 0.114062 0.156250 0.025000 0.050000
0 0.121094 0.123438 0.026562 0.034375
0 0.202344 0.211719 0.026562 0.045312
0 0.107813 0.309375 0.043750 0.018750
0 0.054688 0.322656 0.031250 0.014063
0 0.066406 0.325781 0.039062 0.017188
0 0.100000 0.340625 0.031250 0.040625
0 0.036719 0.332813 0.039062 0.034375
0 0.035937 0.356250 0.034375 0.025000
0 0.045312 0.367969 0.050000 0.020313
0 0.874219 0.967187 0.023438 0.043750
0 0.884375 0.947656 0.031250 0.045312
0 0.905469 0.946094 0.045312 0.014063
0 0.906250 0.929688 0.043750 0.018750
0 0.887500 0.897656 0.034375 0.045312
0 0.936719 0.805469 0.035937 0.039062
0 0.964063 0.710938 0.037500 0.040625
0 0.992188 0.682031 0.009375 0.057813
0 0.981250 0.528906 0.034375 0.035937
0 0.983594 0.493750 0.029687 0.034375
0 0.978906 0.478906 0.017188 0.029687
0 0.979688 0.453906 0.037500 0.026562
0 0.944531 0.414844 0.032813 0.032813
0 0.976562 0.410156 0.034375 0.042188
0 0.989844 0.418750 0.014063 0.028125
0 0.946875 0.365625 0.025000 0.050000
0 0.964844 0.371094 0.023438 0.035937
0 0.978125 0.347656 0.034375 0.035937
0 0.974219 0.320312 0.042188 0.018750
0 0.982031 0.303125 0.029687 0.021875
0 0.980469 0.264062 0.029687 0.018750
0 0.984375 0.264062 0.018750 0.034375
0 0.982031 0.232031 0.032813 0.026562
0 0.952344 0.239844 0.020313 0.051562
0 0.982031 0.186719 0.032813 0.035937
0 0.958594 0.196094 0.039062 0.017188
0 0.952344 0.196094 0.032813 0.032813
0 0.960156 0.164062 0.045312 0.018750
0 0.975000 0.135156 0.031250 0.039062
0 0.957812 0.117188 0.046875 0.021875
0 0.982812 0.092969 0.025000 0.035937
0 0.989062 0.071094 0.018750 0.017188
0 0.939844 0.050781 0.026562 0.057813
0 0.971094 0.060156 0.039062 0.039062
0 0.153906 0.006250 0.017188 0.012500