0 0.691406 0.992188 0.042188 0.015625
0 0.012500 0.937500 0.025000 0.018750
0 0.361719 0.939844 0.051562 0.029687
0 0.045312 0.925781 0.043750 0.017188
0 0.119531 0.907031 0.042188 0.026562
0 0.765625 0.877344 0.031250 0.035937
0 0.665625 0.859375 0.018750 0.043750
0 0.018750 0.824219 0.037500 0.023438
0 0.728906 0.825000 0.017188 0.034375
0 0.117969 0.828125 0.029687 0.043750
0 0.375781 0.789062 0.032813 0.028125
0 0.489844 0.776563 0.023438 0.037500
0 0.592187 0.739844 0.018750 0.042188
0 0.210156 0.694531 0.051562 0.020313
0 0.660937 0.692187 0.040625 0.018750
0 0.393750 0.696875 0.031250 0.034375
0 0.522656 0.679688 0.051562 0.034375
0 0.332813 0.672656 0.043750 0.035937
0 0.817187 0.661719 0.040625 0.020313
0 0.540625 0.629687 0.037500 0.025000
0 0.570312 0.601562 0.034375 0.018750
0 0.592187 0.579688 0.040625 0.040625
0 0.440625 0.577344 0.046875 0.045312
0 0.117188 0.538281 0.021875 0.048438
0 0.726562 0.524219 0.031250 0.032813
0 0.228125 0.524219 0.034375 0.042188
0 0.179688 0.505469 0.034375 0.023438
0 0.290625 0.496094 0.050000 0.023438
0 0.307812 0.465625 0.037500 0.034375
0 0.708594 0.455469 0.032813 0.032813
0 0.675000 0.450000 0.028125 0.040625
0 0.786719 0.437500 0.039062 0.031250
0 0.323437 0.434375 0.031250 0.037500
0 0.744531 0.420312 0.042188 0.034375
0 0.066406 0.412500 0.045312 0.018750
0 0.641406 0.419531 0.048438 0.035937
0 0.564063 0.408594 0.037500 0.042188
0 0.109375 0.399219 0.021875 0.045312
0 0.728906 0.347656 0.032813 0.039062
0 0.259375 0.342969 0.050000 0.035937
0 0.803906 0.314063 0.023438 0.046875
0 0.723437 0.303125 0.043750 0.025000
0 0.421094 0.273438 0.045312 0.018750
0 0.352344 0.264062 0.029687 0.043750
0 0.790625 0.246875 0.037500 0.018750
0 0.380469 0.242188 0.026562 0.028125
0 0.721875 0.233594 0.046875 0.020313
0 0.520312 0.217969 0.046875 0.020313
0 0.391406 0.207031 0.039062 0.020313
0 0.728125 0.202344 0.043750 0.023438
0 0.773438 0.200000 0.043750 0.028125
0 0.656250 0.196875 0.050000 0.028125
0 0.140625 0.182812 0.043750 0.037500
0 0.014844 0.143750 0.029687 0.031250
0 0.828906 0.126562 0.020313 0.046875
0 0.567969 0.119531 0.023438 0.045312
0 0.355469 0.091406 0.026562 0.045312
0 0.028125 0.068750 0.034375 0.037500
0 0.091406 0.055469 0.042188 0.023438
0 0.514844 0.039062 0.023438 0.034375
0 0.415625 0.033594 0.043750 0.042188
0 0.260937 0.014063 0.059375 0.025000
0 0.391406 0.014844 0.026562 0.029687
0 0.131250 0.047656 0.028125 0.045312
0 0.149219 0.069531 0.026562 0.026562
0 0.173437 0.079687 0.028125 0.034375
0 0.192969 0.071094 0.020313 0.039062
0 0.169531 0.119531 0.039062 0.042188
0 0.310156 0.025781 0.032813 0.039062
0 0.335156 0.008594 0.017188 0.017188
0 0.237500 0.089063 0.046875 0.031250
0 0.235937 0.110937 0.046875 0.025000
0 0.246875 0.139844 0.040625 0.026562
0 0.261719 0.145313 0.026562 0.046875
0 0.332813 0.132812 0.018750 0.050000
0 0.375000 0.124219 0.053125 0.020313
0 0.362500 0.141406 0.040625 0.020313
0 0.396875 0.157031 0.018750 0.045312
0 0.423438 0.080469 0.043750 0.020313
0 0.453906 0.044531 0.023438 0.042188
0 0.457813 0.094531 0.015625 0.045312
0 0.494531 0.042969 0.017188 0.017188
0 0.533594 0.108594 0.035937 0.042188
0 0.535937 0.150781 0.031250 0.042188
0 0.557031 0.178125 0.042188 0.025000
0 0.589844 0.236719 0.035937 0.035937
0 0.615625 0.251563 0.037500 0.040625
0 0.783594 0.058594 0.020313 0.035937
0 0.794531 0.082031 0.039062 0.023438
0 0.790625 0.134375 0.025000 0.043750
0 0.788281 0.166406 0.032813 0.039062
0 0.810156 0.195312 0.029687 0.018750
0 0.837500 0.188281 0.021875 0.048438
0 0.817187 0.175781 0.009375 0.017188
0 0.678125 0.241406 0.046875 0.020313
0 0.684375 0.254688 0.040625 0.018750
0 0.657031 0.282031 0.039062 0.035937
0 0.569531 0.311719 0.032813 0.032813
0 0.599219 0.314844 0.020313 0.048438
0 0.621875 0.314063 0.018750 0.043750
0 0.645312 0.318750 0.031250 0.028125
0 0.661719 0.342187 0.029687 0.050000
0 0.667969 0.374219 0.023438 0.042188
0 0.614062 0.375000 0.037500 0.034375
0 0.603125 0.354687 0.025000 0.037500
0 0.573438 0.365625 0.037500 0.031250
0 0.807031 0.411719 0.042188 0.020313
0 0.823438 0.428125 0.015625 0.037500
0 0.825781 0.457813 0.039062 0.031250
0 0.633594 0.543750 0.045312 0.018750
0 0.665625 0.560156 0.037500 0.017188
0 0.682031 0.580469 0.032813 0.029687
0 0.787500 0.682813 0.015625 0.043750
0 0.807031 0.707812 0.023438 0.028125
0 0.796875 0.733594 0.025000 0.039062
0 0.777344 0.739062 0.017188 0.037500
0 0.772656 0.730469 0.026562 0.039062
0 0.745313 0.752344 0.028125 0.029687
0 0.817187 0.760938 0.025000 0.028125
0 0.831250 0.728906 0.031250 0.017188
0 0.850781 0.687500 0.026562 0.021875
0 0.864062 0.719531 0.018750 0.045312
0 0.856250 0.789844 0.015625 0.039062
0 0.873437 0.756250 0.012500 0.040625
0 0.857812 0.759375 0.040625 0.018750
0 0.846094 0.810156 0.029687 0.032813
0 0.835938 0.837500 0.040625 0.015625
0 0.832812 0.858594 0.012500 0.020313
0 0.818750 0.875781 0.043750 0.023438
0 0.800781 0.840625 0.020313 0.037500
0 0.721875 0.867969 0.018750 0.014063
0 0.852344 0.927344 0.032813 0.039062
0 0.830469 0.958594 0.014063 0.039062
0 0.845313 0.987500 0.031250 0.021875
0 0.856250 0.965625 0.018750 0.034375
0 0.863281 0.954688 0.014063 0.021875
0 0.607812 0.845313 0.034375 0.046875
0 0.583594 0.821875 0.042188 0.021875
0 0.362500 0.846094 0.062500 0.017188
0 0.407031 0.865625 0.026562 0.043750
0 0.435937 0.895312 0.040625 0.021875
0 0.415625 0.917969 0.046875 0.017188
0 0.409375 0.902344 0.012500 0.014063
0 0.407813 0.941406 0.028125 0.029687
0 0.380469 0.961719 0.039062 0.017188
0 0.453906 0.958594 0.032813 0.017188
0 0.480469 0.947656 0.023438 0.045312
0 0.513281 0.957812 0.039062 0.021875
0 0.199219 0.799219 0.023438 0.035937
0 0.195312 0.827344 0.040625 0.032813
0 0.285156 0.968750 0.045312 0.018750
0 0.138281 0.982031 0.035937 0.014063
0 0.092969 0.968750 0.039062 0.018750
0 0.005469 0.968750 0.014063 0.015625
0 0.064844 0.804688 0.023438 0.037500
0 0.031250 0.791406 0.043750 0.023438
0 0.103125 0.779687 0.025000 0.037500
0 0.124219 0.783594 0.029687 0.039062
0 0.156250 0.777344 0.043750 0.023438
0 0.325000 0.747656 0.018750 0.017188
0 0.342969 0.741406 0.029687 0.042188
0 0.276562 0.625000 0.018750 0.053125
0 0.302344 0.604688 0.020313 0.043750
0 0.365625 0.617969 0.025000 0.042188
0 0.392969 0.609375 0.039062 0.018750
0 0.455469 0.672656 0.039062 0.020313
0 0.477344 0.651563 0.020313 0.037500
0 0.471094 0.621094 0.032813 0.026562
0 0.490625 0.600000 0.028125 0.040625
0 0.511719 0.510938 0.032813 0.018750
0 0.473438 0.493750 0.034375 0.031250
0 0.449219 0.485156 0.020313 0.048438
0 0.431250 0.464062 0.018750 0.043750
0 0.344531 0.534375 0.035937 0.021875
0 0.317188 0.535156 0.031250 0.042188
0 0.354687 0.302344 0.015625 0.017188
0 0.383594 0.331250 0.042188 0.018750
0 0.435937 0.370312 0.031250 0.034375
0 0.416406 0.356250 0.029687 0.031250
0 0.400000 0.366406 0.025000 0.039062
0 0.383594 0.378125 0.023438 0.037500
0 0.357031 0.385156 0.029687 0.032813
0 0.342969 0.377344 0.020313 0.045312
0 0.316406 0.397656 0.042188 0.017188
0 0.303906 0.378906 0.051562 0.026562
0 0.139063 0.647656 0.046875 0.017188
0 0.117188 0.675781 0.040625 0.029687
0 0.104688 0.645312 0.021875 0.037500
0 0.092969 0.633594 0.032813 0.032813
0 0.083594 0.610938 0.035937 0.037500
0 0.060937 0.607031 0.018750 0.039062
0 0.021094 0.606250 0.029687 0.034375
0 0.028906 0.577344 0.035937 0.026562
0 0.012500 0.569531 0.025000 0.026562
0 0.014844 0.546875 0.029687 0.021875
0 0.231250 0.457813 0.021875 0.043750
0 0.242969 0.499219 0.039062 0.032813
0 0.203125 0.475000 0.025000 0.040625
0 0.192969 0.430469 0.026562 0.048438
0 0.103125 0.470313 0.037500 0.040625
0 0.056250 0.467187 0.021875 0.028125
0 0.059375 0.445312 0.050000 0.015625
0 0.176563 0.324219 0.028125 0.045312
0 0.164844 0.299219 0.048438 0.026562
0 0.142969 0.324219 0.045312 0.017188
0 0.134375 0.253125 0.018750 0.053125
0 0.099219 0.258594 0.035937 0.032813
0 0.103125 0.260937 0.025000 0.046875
0 0.066406 0.257812 0.020313 0.040625
0 0.078125 0.221875 0.018750 0.028125
0 0.112500 0.214844 0.046875 0.017188
0 0.019531 0.257031 0.035937 0.020313
0 0.012500 0.228906 0.021875 0.035937
0 0.047656 0.228906 0.032813 0.032813
0 0.035937 0.223438 0.025000 0.031250
0 0.137500 0.293750 0.018750 0.037500
0 0.126562 0.336719 0.021875 0.014063
0 0.105469 0.188281 0.029687 0.017188
0 0.084375 0.189844 0.025000 0.029687
0 0.059375 0.182812 0.031250 0.040625
0 0.050000 0.146875 0.034375 0.037500
0 0.021094 0.098437 0.020313 0.018750