0 0.320312 0.600781 0.043750 0.035937
0 0.164062 0.454688 0.040625 0.031250
0 0.403906 0.528906 0.045312 0.026562
0 0.178125 0.350000 0.043750 0.031250
0 0.203906 0.393750 0.029687 0.040625
0 0.114062 0.825000 0.037500 0.037500
0 0.558594 0.951562 0.048438 0.025000
0 0.203125 0.199219 0.040625 0.039062
0 0.042188 0.857031 0.040625 0.029687
0 0.057813 0.963281 0.037500 0.039062
0 0.629687 0.141406 0.018750 0.042188
0 0.498437 0.162500 0.040625 0.025000
0 0.246875 0.639062 0.040625 0.018750
0 0.103906 0.187500 0.035937 0.028125
0 0.227344 0.449219 0.026562 0.045312
0 0.718750 0.847656 0.034375 0.032813
0 0.150781 0.830469 0.023438 0.048438
0 0.254688 0.180469 0.037500 0.029687
0 0.624219 0.192969 0.039062 0.042188
0 0.162500 0.415625 0.043750 0.021875
0 0.412500 0.468750 0.021875 0.043750
0 0.666406 0.895312 0.029687 0.043750
0 0.607031 0.354687 0.020313 0.043750
0 0.679688 0.750781 0.040625 0.045312
0 0.548438 0.849219 0.021875 0.045312
0 0.502344 0.450781 0.032813 0.032813
0 0.052344 0.692969 0.032813 0.035937
0 0.367188 0.949219 0.046875 0.032813
0 0.015625 0.703906 0.031250 0.032813
0 0.053125 0.242188 0.034375 0.037500
0 0.142969 0.149219 0.035937 0.020313
0 0.675000 0.791406 0.046875 0.026562
0 0.635156 0.369531 0.020313 0.051562
0 0.480469 0.628125 0.042188 0.028125
0 0.673438 0.496875 0.043750 0.028125
0 0.367188 0.765625 0.043750 0.028125
0 0.518750 0.320312 0.021875 0.043750
0 0.627344 0.515625 0.026562 0.040625
0 0.685156 0.092969 0.042188 0.020313
0 0.321094 0.750781 0.026562 0.048438
0 0.432031 0.977344 0.042188 0.039062
0 0.124219 0.935156 0.020313 0.051562
0 0.367188 0.474219 0.025000 0.042188
0 0.757812 0.753125 0.034375 0.046875
0 0.099219 0.932031 0.020313 0.048438
0 0.610938 0.307031 0.046875 0.020313
0 0.571875 0.150781 0.025000 0.039062
0 0.323437 0.825000 0.025000 0.053125
0 0.084375 0.596875 0.031250 0.046875
0 0.274219 0.885938 0.023438 0.046875
0 0.191406 0.667969 0.035937 0.042188
0 0.536719 0.122656 0.039062 0.020313
0 0.646875 0.824219 0.028125 0.045312
0 0.050000 0.173437 0.037500 0.028125
0 0.626563 0.245312 0.021875 0.053125
0 0.263281 0.257812 0.035937 0.037500
0 0.280469 0.593750 0.029687 0.040625
0 0.417187 0.628125 0.040625 0.028125
0 0.184375 0.977344 0.059375 0.026562
0 0.303125 0.271094 0.040625 0.035937
0 0.519531 0.760938 0.035937 0.037500
0 0.539062 0.567187 0.046875 0.018750
0 0.748437 0.715625 0.050000 0.025000
0 0.303125 0.567969 0.040625 0.026562
0 0.310937 0.973437 0.028125 0.037500
0 0.423438 0.715625 0.037500 0.040625
0 0.395313 0.603906 0.021875 0.048438
0 0.496875 0.673438 0.025000 0.046875
0 0.298438 0.834375 0.021875 0.046875
0 0.492969 0.289062 0.023438 0.050000
0 0.617969 0.478906 0.026562 0.045312
0 0.628125 0.844531 0.034375 0.042188
0 0.592187 0.447656 0.021875 0.039062
0 0.063281 0.543750 0.042188 0.031250
0 0.192188 0.617969 0.021875 0.054688
0 0.282813 0.222656 0.037500 0.029687
0 0.155469 0.517188 0.032813 0.040625
0 0.753906 0.379688 0.020313 0.043750
0 0.395313 0.341406 0.050000 0.026562
0 0.338281 0.988281 0.039062 0.023438
0 0.343750 0.300000 0.046875 0.021875
0 0.650000 0.667969 0.037500 0.032813
0 0.010156 0.868750 0.020313 0.053125
0 0.142969 0.654687 0.032813 0.040625
0 0.406250 0.401562 0.043750 0.028125
0 0.269531 0.292187 0.042188 0.021875
0 0.099219 0.524219 0.023438 0.029687
0 0.550000 0.607812 0.028125 0.040625
0 0.695312 0.442188 0.043750 0.021875
0 0.291406 0.392188 0.042188 0.021875
0 0.260156 0.124219 0.045312 0.020313
0 0.471094 0.735938 0.020313 0.050000
0 0.542188 0.239063 0.034375 0.043750
0 0.015625 0.825781 0.031250 0.023438
0 0.514844 0.606250 0.035937 0.040625
0 0.789844 0.315625 0.017188 0.037500
0 0.218750 0.926562 0.040625 0.031250
0 0.342969 0.404687 0.039062 0.025000
0 0.245312 0.878906 0.021875 0.048438
0 0.147656 0.535156 0.042188 0.023438
0 0.021094 0.226562 0.042188 0.018750
0 0.398438 0.735938 0.025000 0.043750
0 0.170313 0.649219 0.021875 0.054688
0 0.241406 0.239063 0.039062 0.028125
0 0.033594 0.489844 0.029687 0.039062
0 0.764062 0.564063 0.043750 0.025000
0 0.304688 0.370312 0.046875 0.018750
0 0.321094 0.149219 0.035937 0.032813
0 0.641406 0.533594 0.042188 0.020313
0 0.692969 0.550000 0.032813 0.034375
0 0.492969 0.565625 0.017188 0.040625
0 0.514844 0.232813 0.020313 0.050000
0 0.416406 0.554688 0.042188 0.037500
0 0.106250 0.878906 0.021875 0.051562
0 0.283594 0.142969 0.039062 0.026562
0 0.733594 0.312500 0.023438 0.053125
0 0.235156 0.275000 0.020313 0.043750
0 0.016406 0.251563 0.026562 0.037500
0 0.549219 0.548438 0.045312 0.021875
0 0.466406 0.563281 0.032813 0.029687
0 0.307812 0.946875 0.028125 0.025000
0 0.403125 0.364844 0.040625 0.026562
0 0.292187 0.757031 0.028125 0.045312
0 0.049219 0.194531 0.039062 0.020313
0 0.752344 0.678125 0.023438 0.043750
0 0.375000 0.394531 0.028125 0.045312
0 0.765625 0.320312 0.021875 0.043750
0 0.253125 0.214062 0.028125 0.025000
0 0.755469 0.503125 0.020313 0.046875
0 0.264844 0.470313 0.032813 0.037500
0 0.453906 0.598437 0.039062 0.018750
0 0.225000 0.535156 0.021875 0.048438
0 0.453125 0.439063 0.040625 0.025000
0 0.475000 0.415625 0.028125 0.037500
0 0.251563 0.531250 0.040625 0.031250
0 0.457813 0.416406 0.028125 0.032813
0 0.513281 0.489844 0.039062 0.020313
0 0.350781 0.432031 0.026562 0.035937
0 0.517188 0.707031 0.040625 0.017188
0 0.596094 0.156250 0.023438 0.046875
0 0.471875 0.308594 0.037500 0.020313
0 0.450781 0.766406 0.032813 0.035937
0 0.691406 0.981250 0.020313 0.037500
0 0.045312 0.153125 0.040625 0.015625
0 0.767969 0.103125 0.035937 0.028125
0 0.704688 0.478125 0.028125 0.034375
0 0.435156 0.794531 0.020313 0.045312
0 0.258594 0.557813 0.042188 0.018750
0 0.753906 0.642188 0.026562 0.040625
0 0.435156 0.399219 0.017188 0.045312
0 0.116406 0.717969 0.045312 0.023438
0 0.373437 0.993750 0.025000 0.012500
0 0.753125 0.448437 0.018750 0.050000
0 0.335156 0.166406 0.048438 0.029687
0 0.637500 0.325000 0.021875 0.015625
0 0.683594 0.653906 0.017188 0.045312
0 0.427344 0.883594 0.029687 0.029687
0 0.152344 0.556250 0.045312 0.018750
0 0.589063 0.081250 0.046875 0.021875
0 0.567969 0.512500 0.035937 0.034375
0 0.758594 0.612500 0.032813 0.037500
0 0.332813 0.896875 0.021875 0.040625
0 0.775781 0.128906 0.032813 0.032813
0 0.680469 0.600781 0.026562 0.048438
0 0.208594 0.956250 0.045312 0.018750
0 0.295312 0.528906 0.021875 0.035937
0 0.590625 0.488281 0.021875 0.035937
0 0.287500 0.946094 0.018750 0.048438
0 0.600000 0.523438 0.015625 0.037500
0 0.535937 0.525000 0.037500 0.025000
0 0.560937 0.105469 0.018750 0.039062
0 0.591406 0.096875 0.045312 0.018750
0 0.072656 0.136719 0.045312 0.020313
0 0.475781 0.589063 0.032813 0.031250
0 0.653906 0.647656 0.029687 0.032813
0 0.771875 0.511719 0.021875 0.039062
0 0.003125 0.442969 0.006250 0.026562
0 0.659375 0.433594 0.018750 0.039062
0 0.017188 0.521875 0.034375 0.025000
0 0.262500 0.157812 0.018750 0.043750
0 0.003906 0.656250 0.007812 0.021875
0 0.334375 0.378906 0.031250 0.026562
0 0.429688 0.740625 0.018750 0.040625
0 0.357812 0.378906 0.012500 0.039062
0 0.732031 0.514062 0.023438 0.034375
0 0.769531 0.596875 0.026562 0.043750
0 0.443750 0.909375 0.025000 0.043750
0 0.738281 0.404687 0.029687 0.034375
0 0.126562 0.704688 0.037500 0.031250
0 0.693750 0.691406 0.021875 0.039062
0 0.732812 0.421094 0.021875 0.042188
0 0.729688 0.474219 0.034375 0.020313
0 0.003906 0.791406 0.007812 0.048438
0 0.282031 0.470313 0.017188 0.037500
0 0.789844 0.388281 0.020313 0.026562
0 0.408594 0.805469 0.032813 0.054688
0 0.800781 0.376563 0.023438 0.034375
0 0.139063 0.689844 0.021875 0.026562
0 0.632812 0.593750 0.021875 0.018750
0 0.666406 0.556250 0.026562 0.012500
0 0.103906 0.264844 0.032813 0.032813
0 0.619531 0.617969 0.017188 0.035937
0 0.710938 0.626563 0.028125 0.043750
0 0.043750 0.577344 0.028125 0.029687
0 0.345313 0.922656 0.021875 0.026562
0 0.073438 0.693750 0.018750 0.021875
0 0.524219 0.595313 0.023438 0.025000
0 0.281250 0.544531 0.015625 0.026562
0 0.658594 0.544531 0.032813 0.020313
0 0.224219 0.873437 0.026562 0.018750
0 0.054688 0.993750 0.025000 0.009375
0 0.296094 0.498437 0.023438 0.028125
0 0.049219 0.129688 0.029687 0.015625
0 0.020313 0.135937 0.034375 0.018750
0 0.721094 0.578906 0.042188 0.023438
0 0.645312 0.582031 0.043750 0.020313
0 0.488281 0.525781 0.045312 0.026562
0 0.523438 0.726562 0.034375 0.018750
0 0.496094 0.725781 0.023438 0.020313
0 0.301563 0.471875 0.025000 0.043750
0 0.536719 0.500000 0.032813 0.031250