0 0.680469 0.992969 0.020313 0.014063
0 0.323437 0.990625 0.068750 0.018750
0 0.900781 0.953125 0.042188 0.018750
0 0.992188 0.966406 0.015625 0.051562
0 0.565625 0.930469 0.025000 0.039062
0 0.609375 0.907031 0.050000 0.039062
0 0.984375 0.864844 0.031250 0.017188
0 0.439063 0.864062 0.021875 0.050000
0 0.926562 0.849219 0.046875 0.026562
0 0.500000 0.853125 0.034375 0.034375
0 0.625781 0.839063 0.045312 0.018750
0 0.867188 0.833594 0.043750 0.029687
0 0.565625 0.842969 0.021875 0.048438
0 0.701562 0.821875 0.018750 0.043750
0 0.821875 0.807813 0.050000 0.021875
0 0.995313 0.778906 0.009375 0.039062
0 0.772656 0.763281 0.057813 0.023438
0 0.698438 0.768750 0.028125 0.040625
0 0.515625 0.766406 0.037500 0.042188
0 0.498437 0.721875 0.043750 0.025000
0 0.556250 0.710938 0.046875 0.021875
0 0.694531 0.657813 0.045312 0.025000
0 0.629687 0.640625 0.040625 0.031250
0 0.597656 0.609375 0.045312 0.025000
0 0.701562 0.608594 0.037500 0.039062
0 0.907813 0.607031 0.025000 0.051562
0 0.845313 0.600781 0.034375 0.039062
0 0.989844 0.588281 0.020313 0.051562
0 0.859375 0.575000 0.025000 0.040625
0 0.953906 0.550000 0.045312 0.028125
0 0.704688 0.503125 0.046875 0.021875
0 0.424219 0.509375 0.042188 0.034375
0 0.662500 0.478125 0.018750 0.018750
0 0.692187 0.461719 0.040625 0.026562
0 0.958594 0.456250 0.042188 0.040625
0 0.526563 0.465625 0.028125 0.059375
0 0.245312 0.441406 0.037500 0.032813
0 0.894531 0.434375 0.029687 0.040625
0 0.992969 0.417187 0.014063 0.021875
0 0.930469 0.428125 0.035937 0.043750
0 0.582812 0.393750 0.037500 0.031250
0 0.686719 0.344531 0.045312 0.020313
0 0.555469 0.338281 0.029687 0.051562
0 0.735938 0.320312 0.043750 0.025000
0 0.621094 0.305469 0.017188 0.023438
0 0.580469 0.294531 0.017188 0.020313
0 0.521875 0.272656 0.046875 0.026562
0 0.315625 0.263281 0.025000 0.048438
0 0.822656 0.260156 0.029687 0.045312
0 0.700781 0.246875 0.048438 0.021875
0 0.510938 0.235156 0.040625 0.020313
0 0.985938 0.226562 0.028125 0.021875
0 0.443750 0.183594 0.043750 0.029687
0 0.825781 0.189062 0.035937 0.043750
0 0.403906 0.178906 0.020313 0.045312
0 0.364063 0.171094 0.031250 0.032813
0 0.987500 0.164844 0.025000 0.042188
0 0.235937 0.132031 0.034375 0.035937
0 0.621875 0.114844 0.050000 0.026562
0 0.585938 0.107031 0.028125 0.039062
0 0.503125 0.092969 0.037500 0.026562
0 0.239844 0.081250 0.029687 0.043750
0 0.746094 0.076563 0.032813 0.037500
0 0.782813 0.070312 0.037500 0.034375
0 0.425000 0.049219 0.028125 0.042188
0 0.378125 0.042188 0.046875 0.034375
0 0.548438 0.018750 0.021875 0.037500
0 0.164844 0.087500 0.020313 0.040625
0 0.156250 0.047656 0.015625 0.045312
0 0.185938 0.062500 0.040625 0.034375
0 0.165625 0.017188 0.021875 0.034375
0 0.187500 0.029687 0.037500 0.018750
0 0.228906 0.027344 0.032813 0.032813
0 0.253906 0.039844 0.017188 0.042188
0 0.317188 0.031250 0.025000 0.037500
0 0.336719 0.036719 0.017188 0.048438
0 0.310156 0.070312 0.017188 0.043750
0 0.181250 0.187500 0.050000 0.021875
0 0.179688 0.221875 0.025000 0.037500
0 0.210938 0.210938 0.050000 0.018750
0 0.251563 0.207813 0.021875 0.043750
0 0.278125 0.198437 0.037500 0.031250
0 0.325781 0.209375 0.045312 0.025000
0 0.300781 0.227344 0.023438 0.032813
0 0.278906 0.233594 0.026562 0.042188
0 0.239063 0.228906 0.021875 0.035937
0 0.233594 0.250000 0.042188 0.031250
0 0.257031 0.278906 0.042188 0.023438
0 0.211719 0.300000 0.035937 0.037500
0 0.239844 0.317188 0.023438 0.040625
0 0.266406 0.313281 0.029687 0.035937
0 0.264844 0.348438 0.039062 0.031250
0 0.250781 0.368750 0.035937 0.037500
0 0.225781 0.403125 0.017188 0.040625
0 0.291406 0.377344 0.029687 0.032813
0 0.325781 0.383594 0.035937 0.035937
0 0.339062 0.362500 0.037500 0.040625
0 0.572656 0.224219 0.035937 0.035937
0 0.550781 0.249219 0.020313 0.020313
0 0.595313 0.257031 0.018750 0.017188
0 0.655469 0.068750 0.035937 0.031250
0 0.682031 0.075781 0.026562 0.048438
0 0.794531 0.043750 0.035937 0.018750
0 0.813281 0.068750 0.026562 0.034375
0 0.825781 0.013281 0.035937 0.026562
0 0.823438 0.030469 0.018750 0.017188
0 0.832031 0.048438 0.023438 0.034375
0 0.869531 0.011719 0.035937 0.023438
0 0.852344 0.038281 0.032813 0.032813
0 0.985938 0.132812 0.025000 0.018750
0 0.957031 0.155469 0.032813 0.026562
0 0.924219 0.151562 0.039062 0.018750
0 0.890625 0.147656 0.040625 0.026562
0 0.892969 0.124219 0.020313 0.023438
0 0.907031 0.191406 0.023438 0.039062
0 0.881250 0.175781 0.028125 0.017188
0 0.936719 0.216406 0.026562 0.035937
0 0.926562 0.246875 0.018750 0.043750
0 0.875000 0.203125 0.037500 0.034375
0 0.868750 0.222656 0.028125 0.026562
0 0.858594 0.253906 0.026562 0.042188
0 0.891406 0.249219 0.017188 0.035937
0 0.882812 0.262500 0.018750 0.037500
0 0.878125 0.300000 0.034375 0.031250
0 0.834375 0.312500 0.037500 0.028125
0 0.840625 0.356250 0.028125 0.040625
0 0.865625 0.372656 0.025000 0.042188
0 0.884375 0.354687 0.034375 0.034375
0 0.868750 0.326562 0.018750 0.021875
0 0.947656 0.295312 0.026562 0.021875
0 0.844531 0.410938 0.042188 0.028125
0 0.837500 0.423438 0.037500 0.012500
0 0.800781 0.420312 0.045312 0.031250
0 0.733594 0.368750 0.045312 0.025000
0 0.701562 0.379688 0.031250 0.031250
0 0.669531 0.390625 0.032813 0.040625
0 0.731250 0.453906 0.021875 0.051562
0 0.908594 0.532813 0.026562 0.046875
0 0.880469 0.539844 0.029687 0.045312
0 0.751563 0.588281 0.034375 0.023438
0 0.775000 0.564063 0.018750 0.043750
0 0.807031 0.627344 0.051562 0.023438
0 0.824219 0.650781 0.035937 0.023438
0 0.804688 0.660156 0.015625 0.014063
0 0.805469 0.716406 0.032813 0.026562
0 0.794531 0.724219 0.032813 0.026562
0 0.853125 0.772656 0.031250 0.035937
0 0.876563 0.728906 0.018750 0.045312
0 0.927344 0.710156 0.029687 0.032813
0 0.929688 0.696875 0.034375 0.037500
0 0.911719 0.728125 0.048438 0.021875
0 0.896875 0.751563 0.021875 0.031250
0 0.885938 0.771094 0.031250 0.029687
0 0.922656 0.775781 0.029687 0.023438
0 0.924219 0.790625 0.045312 0.028125
0 0.961719 0.792188 0.023438 0.043750
0 0.964063 0.839063 0.021875 0.046875
0 0.927344 0.900781 0.045312 0.026562
0 0.896094 0.892188 0.042188 0.018750
0 0.891406 0.870313 0.051562 0.021875
0 0.685937 0.310937 0.025000 0.021875
0 0.651563 0.324219 0.043750 0.029687
0 0.628906 0.353125 0.023438 0.021875
0 0.598437 0.368750 0.046875 0.025000
0 0.495312 0.402344 0.040625 0.035937
0 0.487500 0.443750 0.028125 0.043750
0 0.572656 0.437500 0.045312 0.015625
0 0.564844 0.451562 0.023438 0.012500
0 0.561719 0.475000 0.029687 0.034375
0 0.589844 0.489844 0.035937 0.032813
0 0.571875 0.510156 0.021875 0.032813
0 0.578906 0.549219 0.020313 0.039062
0 0.546094 0.556250 0.032813 0.043750
0 0.548438 0.585938 0.040625 0.031250
0 0.550000 0.617188 0.021875 0.043750
0 0.592969 0.653906 0.023438 0.051562
0 0.627344 0.672656 0.039062 0.032813
0 0.940625 0.977344 0.043750 0.032813
0 0.896875 0.979688 0.050000 0.018750
0 0.796875 0.886719 0.040625 0.048438
0 0.764844 0.895312 0.048438 0.021875
0 0.762500 0.876563 0.018750 0.021875
0 0.663281 0.846094 0.039062 0.042188
0 0.677344 0.866406 0.039062 0.042188
0 0.658594 0.911719 0.039062 0.045312
0 0.631250 0.955469 0.018750 0.045312
0 0.603125 0.939844 0.037500 0.026562
0 0.599219 0.980469 0.032813 0.035937
0 0.560937 0.974219 0.034375 0.039062
0 0.546875 0.973437 0.031250 0.031250
0 0.496875 0.964844 0.040625 0.032813
0 0.521875 0.977344 0.021875 0.042188
0 0.517969 0.926562 0.042188 0.031250
0 0.495312 0.923438 0.031250 0.025000
0 0.484375 0.945312 0.031250 0.018750
0 0.627344 0.746875 0.048438 0.018750
0 0.643750 0.771875 0.043750 0.037500
0 0.510156 0.557813 0.023438 0.040625
0 0.506250 0.588281 0.040625 0.020313
0 0.510938 0.617188 0.037500 0.037500
0 0.468750 0.607812 0.021875 0.053125
0 0.471094 0.551562 0.020313 0.056250
0 0.484375 0.500000 0.037500 0.037500
0 0.456250 0.469531 0.043750 0.026562
0 0.427344 0.585156 0.048438 0.020313
0 0.408594 0.604688 0.042188 0.025000
0 0.437500 0.612500 0.028125 0.040625
0 0.435937 0.669531 0.040625 0.020313
0 0.449219 0.984375 0.045312 0.015625
0 0.478125 0.987500 0.021875 0.021875
0 0.312500 0.430469 0.037500 0.026562
0 0.339062 0.457031 0.034375 0.039062
0 0.294531 0.465625 0.026562 0.046875
0 0.305469 0.503125 0.045312 0.028125
0 0.385156 0.438281 0.032813 0.017188
0 0.226562 0.473438 0.028125 0.028125
0 0.235156 0.497656 0.026562 0.032813
0 0.305469 0.567187 0.035937 0.040625
0 0.347656 0.579688 0.020313 0.043750
0 0.353906 0.612500 0.032813 0.025000
0 0.350781 0.641406 0.020313 0.035937
0 0.385937 0.656250 0.034375 0.031250
0 0.250000 0.538281 0.021875 0.029687
0 0.226562 0.561719 0.025000 0.045312
0 0.249219 0.578125 0.020313 0.043750
0 0.220312 0.603125 0.018750 0.040625
0 0.309375 0.604688 0.034375 0.037500
0 0.288281 0.613281 0.020313 0.032813
0 0.268750 0.617188 0.028125 0.034375
0 0.232031 0.628125 0.039062 0.031250
0 0.228906 0.651563 0.017188 0.031250
0 0.257812 0.657813 0.028125 0.031250
0 0.296094 0.640625 0.029687 0.034375
0 0.313281 0.661719 0.032813 0.032813
0 0.287500 0.673438 0.043750 0.018750
0 0.330469 0.639062 0.017188 0.040625
0 0.332031 0.664062 0.017188 0.018750
0 0.365625 0.666406 0.018750 0.014063
0 0.232031 0.977344 0.020313 0.042188
0 0.267188 0.979688 0.043750 0.021875
0 0.300000 0.968750 0.037500 0.028125
0 0.339844 0.936719 0.029687 0.035937
0 0.310156 0.932813 0.020313 0.037500
0 0.289844 0.917969 0.039062 0.017188
0 0.258594 0.940625 0.035937 0.034375
0 0.253906 0.915625 0.026562 0.018750
0 0.233594 0.905469 0.035937 0.032813
0 0.231250 0.878125 0.025000 0.034375
0 0.277344 0.893750 0.045312 0.025000
0 0.322656 0.902344 0.054688 0.023438
0 0.289844 0.871875 0.048438 0.028125
0 0.268750 0.842187 0.043750 0.028125
0 0.277344 0.825781 0.020313 0.017188
0 0.314844 0.817187 0.032813 0.040625
0 0.342969 0.836719 0.023438 0.026562
0 0.366406 0.814844 0.023438 0.039062
0 0.385937 0.789844 0.018750 0.045312
0 0.399219 0.761719 0.045312 0.026562
0 0.357812 0.788281 0.028125 0.039062
0 0.350781 0.731250 0.042188 0.015625
0 0.347656 0.751563 0.048438 0.015625
0 0.329688 0.789844 0.018750 0.035937
0 0.343750 0.773438 0.015625 0.028125
0 0.317188 0.766406 0.025000 0.020313
0 0.310937 0.739062 0.034375 0.025000
0 0.294531 0.765625 0.026562 0.043750
0 0.271094 0.753125 0.017188 0.043750
0 0.273438 0.788281 0.043750 0.029687
0 0.250781 0.814063 0.039062 0.021875
0 0.225000 0.779687 0.018750 0.043750
0 0.242188 0.780469 0.018750 0.039062
0 0.253906 0.765625 0.023438 0.018750
0 0.256250 0.727344 0.028125 0.045312
0 0.246094 0.703906 0.032813 0.035937
0 0.339062 0.870313 0.034375 0.034375
0 0.403125 0.691406 0.040625 0.020313
0 0.440625 0.706250 0.037500 0.018750
0 0.413281 0.725781 0.032813 0.032813
0 0.378125 0.702344 0.037500 0.023438
0 0.392969 0.731250 0.020313 0.015625
0 0.453125 0.753906 0.031250 0.032813
0 0.445312 0.773438 0.043750 0.025000
0 0.461719 0.796875 0.054688 0.018750
0 0.432031 0.798438 0.042188 0.028125
0 0.447656 0.935937 0.017188 0.015625