0 0.221875 0.196094 0.037500 0.032813
0 0.358594 0.247656 0.029687 0.026562
0 0.085156 0.180469 0.045312 0.026562
0 0.796875 0.810156 0.043750 0.029687
0 0.288281 0.659375 0.039062 0.037500
0 0.375781 0.981250 0.035937 0.028125
0 0.684375 0.069531 0.043750 0.032813
0 0.302344 0.251563 0.035937 0.025000
0 0.385937 0.103125 0.043750 0.021875
0 0.136719 0.650781 0.035937 0.051562
0 0.424219 0.679688 0.042188 0.031250
0 0.214062 0.496094 0.028125 0.035937
0 0.207031 0.342187 0.039062 0.031250
0 0.342187 0.567969 0.040625 0.035937
0 0.798438 0.720313 0.040625 0.043750
0 0.528906 0.533594 0.032813 0.042188
0 0.761719 0.954688 0.035937 0.025000
0 0.765625 0.764844 0.028125 0.045312
0 0.261719 0.196094 0.039062 0.023438
0 0.232813 0.761719 0.018750 0.042188
0 0.040625 0.405469 0.037500 0.042188
0 0.231250 0.909375 0.018750 0.046875
0 0.350781 0.293750 0.023438 0.040625
0 0.634375 0.098437 0.046875 0.034375
0 0.083594 0.611719 0.042188 0.023438
0 0.248438 0.417187 0.025000 0.031250
0 0.803125 0.058594 0.021875 0.039062
0 0.293750 0.856250 0.046875 0.021875
0 0.537500 0.482031 0.034375 0.048438
0 0.360938 0.490625 0.040625 0.034375
0 0.361719 0.128125 0.035937 0.021875
0 0.586719 0.486719 0.039062 0.029687
0 0.758594 0.578906 0.026562 0.042188
0 0.329688 0.800781 0.037500 0.029687
0 0.171094 0.514062 0.029687 0.046875
0 0.417969 0.706250 0.042188 0.028125
0 0.141406 0.953906 0.026562 0.039062
0 0.540625 0.261719 0.031250 0.042188
0 0.072656 0.957812 0.035937 0.031250
0 0.083594 0.404687 0.032813 0.025000
0 0.028125 0.089844 0.021875 0.039062
0 0.449219 0.594531 0.042188 0.039062
0 0.498437 0.271094 0.046875 0.020313
0 0.025000 0.260937 0.025000 0.043750
0 0.056250 0.304688 0.040625 0.018750
0 0.778906 0.269531 0.017188 0.045312
0 0.689844 0.631250 0.032813 0.043750
0 0.553125 0.195312 0.025000 0.040625
0 0.366406 0.628906 0.039062 0.023438
0 0.737500 0.567969 0.034375 0.039062
0 0.326562 0.688281 0.043750 0.032813
0 0.059375 0.577344 0.034375 0.029687
0 0.720313 0.539062 0.031250 0.034375
0 0.707812 0.586719 0.025000 0.048438
0 0.392188 0.639844 0.031250 0.045312
0 0.577344 0.766406 0.026562 0.042188
0 0.037500 0.837500 0.043750 0.025000
0 0.723437 0.221094 0.025000 0.042188
0 0.422656 0.982812 0.029687 0.034375
0 0.414062 0.350000 0.034375 0.037500
0 0.599219 0.039062 0.029687 0.050000
0 0.062500 0.281250 0.043750 0.021875
0 0.064844 0.350000 0.035937 0.034375
0 0.786719 0.474219 0.048438 0.023438
0 0.676562 0.714063 0.037500 0.028125
0 0.592187 0.264062 0.021875 0.043750
0 0.635938 0.242188 0.037500 0.034375
0 0.625000 0.588281 0.043750 0.029687
0 0.010937 0.324219 0.021875 0.048438
0 0.174219 0.342187 0.017188 0.050000
0 0.766406 0.513281 0.017188 0.039062
0 0.015625 0.785937 0.031250 0.028125
0 0.755469 0.450781 0.026562 0.035937
0 0.659375 0.621094 0.025000 0.048438
0 0.771875 0.542969 0.034375 0.032813
0 0.306250 0.360156 0.034375 0.026562
0 0.677344 0.888281 0.045312 0.023438
0 0.042969 0.245312 0.014063 0.040625
0 0.446094 0.300781 0.042188 0.023438
0 0.682813 0.857031 0.043750 0.039062
0 0.177344 0.085938 0.029687 0.028125
0 0.633594 0.039844 0.035937 0.048438
0 0.272656 0.372656 0.039062 0.020313
0 0.084375 0.335156 0.034375 0.026562
0 0.573438 0.226562 0.018750 0.043750
0 0.269531 0.018750 0.039062 0.018750
0 0.578906 0.076563 0.020313 0.046875
0 0.152344 0.543750 0.020313 0.046875
0 0.705469 0.650000 0.035937 0.043750
0 0.836719 0.757812 0.035937 0.037500
0 0.026562 0.345313 0.021875 0.046875
0 0.556250 0.819531 0.031250 0.042188
0 0.056250 0.529687 0.028125 0.043750
0 0.436719 0.327344 0.039062 0.032813
0 0.237500 0.628906 0.025000 0.042188
0 0.684375 0.749219 0.025000 0.042188
0 0.694531 0.693750 0.017188 0.037500
0 0.345313 0.913281 0.021875 0.020313
0 0.835156 0.447656 0.020313 0.051562
0 0.195312 0.803906 0.037500 0.042188
0 0.517188 0.794531 0.021875 0.039062
0 0.684375 0.284375 0.018750 0.043750
0 0.153906 0.858594 0.045312 0.020313
0 0.820312 0.541406 0.018750 0.045312
0 0.196875 0.925781 0.018750 0.042188
0 0.110156 0.363281 0.039062 0.029687
0 0.464844 0.260937 0.035937 0.025000
0 0.168750 0.903125 0.037500 0.031250
0 0.130469 0.590625 0.017188 0.043750
0 0.118750 0.931250 0.034375 0.021875
0 0.646094 0.643750 0.023438 0.043750
0 0.834375 0.975781 0.018750 0.045312
0 0.028906 0.014063 0.042188 0.028125
0 0.113281 0.097656 0.045312 0.020313
0 0.697656 0.350000 0.017188 0.040625
0 0.216406 0.615625 0.035937 0.018750
0 0.048438 0.985156 0.018750 0.029687
0 0.330469 0.147656 0.029687 0.039062
0 0.679688 0.365625 0.037500 0.021875
0 0.717187 0.705469 0.021875 0.045312
0 0.232813 0.298438 0.018750 0.037500
0 0.585156 0.801562 0.026562 0.037500
0 0.356250 0.158594 0.031250 0.042188
0 0.440625 0.634375 0.018750 0.043750
0 0.109375 0.077344 0.037500 0.020313
0 0.806250 0.113281 0.034375 0.026562
0 0.785156 0.994531 0.032813 0.010937
0 0.601562 0.792969 0.028125 0.032813
0 0.216406 0.307812 0.032813 0.034375
0 0.739844 0.685156 0.029687 0.029687
0 0.404687 0.421875 0.015625 0.037500
0 0.576562 0.161719 0.021875 0.026562
0 0.100000 0.925781 0.031250 0.029687
0 0.764844 0.232031 0.017188 0.045312
0 0.832812 0.511719 0.031250 0.035937
0 0.128125 0.117188 0.037500 0.025000
0 0.534375 0.791406 0.018750 0.045312
0 0.661719 0.832812 0.020313 0.043750
0 0.653906 0.321094 0.039062 0.032813
0 0.560937 0.061719 0.018750 0.029687
0 0.698438 0.992188 0.040625 0.015625
0 0.428125 0.617969 0.025000 0.039062
0 0.751563 0.209375 0.028125 0.046875
0 0.142187 0.375781 0.037500 0.020313
0 0.396875 0.389844 0.031250 0.020313
0 0.242969 0.465625 0.020313 0.028125
0 0.171875 0.815625 0.018750 0.050000
0 0.250000 0.006250 0.034375 0.012500
0 0.860156 0.062500 0.017188 0.031250
0 0.027344 0.046094 0.048438 0.017188
0 0.150781 0.839063 0.032813 0.021875
0 0.187500 0.618750 0.021875 0.021875
0 0.368750 0.711719 0.015625 0.014063
0 0.116406 0.559375 0.039062 0.015625
0 0.443750 0.902344 0.012500 0.017188
0 0.510938 0.180469 0.018750 0.020313
0 0.043750 0.944531 0.025000 0.023438
0 0.517188 0.196875 0.015625 0.015625
0 0.635156 0.719531 0.017188 0.017188
0 0.005469 0.809375 0.010937 0.021875
0 0.294531 0.710156 0.017188 0.026562
0 0.390625 0.166406 0.015625 0.017188
0 0.675781 0.819531 0.020313 0.042188
0 0.853906 0.017188 0.020313 0.034375
0 0.807813 0.525000 0.015625 0.028125
0 0.685156 0.553906 0.023438 0.042188
0 0.669531 0.557031 0.020313 0.057813
0 0.706250 0.976562 0.021875 0.025000
0 0.132031 0.910937 0.035937 0.025000
0 0.023438 0.057813 0.043750 0.018750