0 0.647656 0.991406 0.045312 0.017188
0 0.282031 0.983594 0.026562 0.032813
0 0.694531 0.976562 0.042188 0.021875
0 0.596875 0.982031 0.040625 0.032813
0 0.026562 0.967187 0.043750 0.018750
0 0.259375 0.960938 0.025000 0.028125
0 0.718750 0.950000 0.050000 0.021875
0 0.392188 0.935156 0.037500 0.035937
0 0.704688 0.924219 0.050000 0.023438
0 0.085156 0.896875 0.032813 0.021875
0 0.365625 0.903125 0.021875 0.040625
0 0.135937 0.857812 0.025000 0.031250
0 0.181250 0.853906 0.037500 0.026562
0 0.596094 0.842187 0.042188 0.031250
0 0.045312 0.796094 0.034375 0.020313
0 0.492969 0.771875 0.035937 0.040625
0 0.216406 0.757031 0.032813 0.032813
0 0.180469 0.753125 0.026562 0.028125
0 0.384375 0.755469 0.025000 0.048438
0 0.107031 0.743750 0.032813 0.040625
0 0.394531 0.703125 0.023438 0.028125
0 0.707031 0.694531 0.035937 0.032813
0 0.276562 0.693750 0.037500 0.034375
0 0.169531 0.683594 0.035937 0.057813
0 0.086719 0.666406 0.045312 0.023438
0 0.042969 0.641406 0.017188 0.042188
0 0.128906 0.635156 0.020313 0.045312
0 0.714063 0.617969 0.034375 0.023438
0 0.464062 0.614844 0.025000 0.048438
0 0.042969 0.573438 0.017188 0.021875
0 0.299219 0.571875 0.026562 0.037500
0 0.009375 0.563281 0.018750 0.023438
0 0.189844 0.566406 0.029687 0.035937
0 0.256250 0.557813 0.040625 0.031250
0 0.629687 0.551562 0.043750 0.021875
0 0.674219 0.535937 0.029687 0.043750
0 0.200000 0.528125 0.043750 0.034375
0 0.374219 0.520312 0.042188 0.021875
0 0.154688 0.503125 0.034375 0.053125
0 0.624219 0.491406 0.029687 0.048438
0 0.299219 0.465625 0.029687 0.046875
0 0.617969 0.443750 0.026562 0.037500
0 0.374219 0.416406 0.045312 0.020313
0 0.120313 0.410938 0.031250 0.034375
0 0.199219 0.389062 0.029687 0.037500
0 0.011719 0.370312 0.023438 0.018750
0 0.442188 0.378125 0.021875 0.040625
0 0.370312 0.370312 0.040625 0.031250
0 0.282031 0.352344 0.032813 0.035937
0 0.161719 0.321094 0.048438 0.023438
0 0.253125 0.322656 0.021875 0.048438
0 0.397656 0.294531 0.023438 0.054688
0 0.282031 0.271094 0.029687 0.048438
0 0.322656 0.253906 0.026562 0.045312
0 0.660937 0.250000 0.021875 0.046875
0 0.712500 0.239063 0.028125 0.040625
0 0.626563 0.217188 0.025000 0.056250
0 0.010937 0.200000 0.021875 0.043750
0 0.740625 0.191406 0.028125 0.042188
0 0.039844 0.185156 0.020313 0.051562
0 0.489844 0.146094 0.032813 0.048438
0 0.277344 0.129688 0.026562 0.034375
0 0.352344 0.105469 0.023438 0.023438
0 0.700781 0.083594 0.042188 0.020313
0 0.190625 0.089844 0.018750 0.045312
0 0.080469 0.080469 0.032813 0.035937
0 0.350781 0.051562 0.032813 0.018750
0 0.223438 0.054688 0.018750 0.043750
0 0.153906 0.033594 0.032813 0.023438
0 0.726562 0.033594 0.040625 0.029687
0 0.748437 0.007031 0.018750 0.014063
0 0.097656 0.006250 0.032813 0.012500
0 0.036719 0.029687 0.035937 0.037500
0 0.056250 0.015625 0.028125 0.031250
0 0.077344 0.039844 0.026562 0.017188
0 0.014844 0.241406 0.029687 0.029687
0 0.041406 0.229687 0.023438 0.028125
0 0.067187 0.225000 0.034375 0.012500
0 0.079687 0.203906 0.012500 0.023438
0 0.088281 0.230469 0.026562 0.032813
0 0.136719 0.260937 0.029687 0.031250
0 0.166406 0.278906 0.035937 0.017188
0 0.136719 0.280469 0.020313 0.020313
0 0.195312 0.285156 0.028125 0.045312
0 0.530469 0.198437 0.017188 0.046875
0 0.549219 0.196094 0.026562 0.042188
0 0.355469 0.257812 0.026562 0.037500
0 0.361719 0.267188 0.023438 0.037500
0 0.341406 0.304688 0.029687 0.037500
0 0.318750 0.291406 0.040625 0.020313
0 0.575000 0.021094 0.034375 0.032813
0 0.608594 0.028125 0.039062 0.015625
0 0.639844 0.017969 0.026562 0.035937
0 0.607812 0.278125 0.021875 0.043750
0 0.597656 0.306250 0.023438 0.040625
0 0.634375 0.298438 0.040625 0.034375
0 0.660937 0.308594 0.031250 0.042188
0 0.677344 0.345313 0.051562 0.018750
0 0.621094 0.376563 0.023438 0.037500
0 0.636719 0.381250 0.023438 0.025000
0 0.650000 0.349219 0.012500 0.029687
0 0.664844 0.371875 0.014063 0.012500
0 0.586719 0.380469 0.017188 0.020313
0 0.732812 0.441406 0.046875 0.017188
0 0.764062 0.408594 0.034375 0.042188
0 0.792188 0.300781 0.021875 0.042188
0 0.787500 0.392188 0.015625 0.053125
0 0.803906 0.404687 0.017188 0.043750
0 0.762500 0.484375 0.018750 0.050000
0 0.776563 0.483594 0.012500 0.035937
0 0.785937 0.521094 0.025000 0.045312
0 0.764844 0.521094 0.029687 0.014063
0 0.528125 0.428906 0.021875 0.042188
0 0.530469 0.439063 0.032813 0.034375
0 0.553125 0.459375 0.028125 0.028125
0 0.485156 0.453125 0.023438 0.053125
0 0.509375 0.488281 0.031250 0.042188
0 0.240625 0.900000 0.028125 0.040625
0 0.267969 0.903906 0.026562 0.017188
0 0.480469 0.949219 0.048438 0.026562
0 0.466406 0.971094 0.017188 0.035937
0 0.517969 0.797656 0.039062 0.032813
0 0.557813 0.757812 0.031250 0.043750
0 0.562500 0.797656 0.040625 0.026562
0 0.542969 0.813281 0.026562 0.035937
0 0.587500 0.739844 0.015625 0.039062
0 0.617188 0.707812 0.040625 0.034375
0 0.600000 0.714844 0.043750 0.026562
0 0.660937 0.637500 0.015625 0.028125
0 0.646875 0.657813 0.034375 0.015625
0 0.639062 0.675000 0.028125 0.018750
0 0.660156 0.677344 0.023438 0.017188
0 0.685156 0.757812 0.048438 0.018750
0 0.686719 0.787500 0.045312 0.018750
0 0.680469 0.773438 0.045312 0.012500
0 0.647656 0.772656 0.032813 0.026562
0 0.710156 0.816406 0.020313 0.032813
0 0.734375 0.835938 0.037500 0.034375
0 0.707812 0.861719 0.018750 0.045312
0 0.680469 0.871094 0.042188 0.017188
0 0.728906 0.889062 0.042188 0.028125
0 0.803906 0.974219 0.032813 0.045312
0 0.215625 0.915625 0.031250 0.031250
0 0.195312 0.899219 0.021875 0.023438
0 0.192969 0.958594 0.039062 0.020313
0 0.207813 0.965625 0.031250 0.040625
0 0.288281 0.937500 0.039062 0.018750
0 0.303125 0.925000 0.043750 0.015625
0 0.033594 0.754687 0.029687 0.028125
0 0.015625 0.725000 0.028125 0.040625
0 0.010156 0.687500 0.020313 0.034375
0 0.120313 0.692187 0.043750 0.018750
0 0.146875 0.714063 0.043750 0.021875
0 0.394531 0.565625 0.014063 0.018750
0 0.090625 0.516406 0.037500 0.029687
0 0.107813 0.526563 0.043750 0.021875
0 0.146094 0.599219 0.017188 0.035937
0 0.114062 0.556250 0.028125 0.034375
0 0.097656 0.562500 0.032813 0.034375
0 0.085938 0.572656 0.043750 0.020313
0 0.091406 0.614062 0.026562 0.043750
0 0.056250 0.591406 0.040625 0.023438
0 0.136719 0.571094 0.029687 0.032813
0 0.319531 0.372656 0.020313 0.014063
0 0.364844 0.015625 0.035937 0.031250