0 0.855469 0.473438 0.045312 0.037500
0 0.508594 0.207813 0.029687 0.037500
0 0.364063 0.389062 0.043750 0.028125
0 0.409375 0.121094 0.037500 0.032813
0 0.226562 0.515625 0.043750 0.034375
0 0.952344 0.657813 0.035937 0.037500
0 0.420312 0.309375 0.043750 0.034375
0 0.664062 0.488281 0.046875 0.032813
0 0.303125 0.727344 0.034375 0.042188
0 0.857031 0.200781 0.029687 0.042188
0 0.485938 0.442969 0.040625 0.035937
0 0.453906 0.183594 0.035937 0.042188
0 0.799219 0.332813 0.039062 0.040625
0 0.867188 0.036719 0.043750 0.039062
0 0.742969 0.167187 0.039062 0.037500
0 0.442969 0.560156 0.042188 0.026562
0 0.243750 0.888281 0.040625 0.032813
0 0.771875 0.132812 0.043750 0.028125
0 0.928906 0.820312 0.039062 0.050000
0 0.774219 0.507031 0.039062 0.023438
0 0.691406 0.134375 0.035937 0.025000
0 0.234375 0.964063 0.037500 0.031250
0 0.817969 0.128125 0.020313 0.046875
0 0.252344 0.563281 0.032813 0.039062
0 0.576562 0.189844 0.037500 0.020313
0 0.412500 0.494531 0.025000 0.048438
0 0.460156 0.481250 0.051562 0.028125
0 0.304688 0.880469 0.018750 0.045312
0 0.779687 0.385937 0.046875 0.034375
0 0.528906 0.524219 0.029687 0.042188
0 0.386719 0.054688 0.054688 0.021875
0 0.724219 0.575781 0.032813 0.045312
0 0.347656 0.042969 0.026562 0.048438
0 0.771094 0.598437 0.032813 0.040625
0 0.617188 0.717187 0.043750 0.037500
0 0.486719 0.889844 0.026562 0.042188
0 0.864844 0.532813 0.048438 0.031250
0 0.421094 0.971094 0.032813 0.035937
0 0.430469 0.834375 0.045312 0.031250
0 0.278125 0.835156 0.050000 0.020313
0 0.794531 0.808594 0.020313 0.045312
0 0.460156 0.097656 0.045312 0.023438
0 0.318750 0.243750 0.028125 0.043750
0 0.176563 0.382812 0.034375 0.043750
0 0.582812 0.116406 0.043750 0.026562
0 0.934375 0.476562 0.028125 0.050000
0 0.783594 0.769531 0.042188 0.023438
0 0.637500 0.141406 0.031250 0.045312
0 0.610938 0.853906 0.018750 0.051562
0 0.695312 0.017969 0.040625 0.035937
0 0.383594 0.878125 0.045312 0.028125
0 0.671875 0.433594 0.050000 0.020313
0 0.816406 0.181250 0.032813 0.034375
0 0.599219 0.581250 0.032813 0.053125
0 0.182031 0.632812 0.039062 0.043750
0 0.989062 0.622656 0.021875 0.023438
0 0.187500 0.781250 0.043750 0.021875
0 0.436719 0.792188 0.045312 0.021875
0 0.467187 0.606250 0.021875 0.053125
0 0.437500 0.683594 0.025000 0.042188
0 0.362500 0.901563 0.037500 0.034375
0 0.600000 0.359375 0.043750 0.021875
0 0.921875 0.658594 0.034375 0.039062
0 0.821094 0.743750 0.039062 0.021875
0 0.896875 0.230469 0.043750 0.020313
0 0.364063 0.228125 0.040625 0.031250
0 0.724219 0.187500 0.048438 0.034375
0 0.164062 0.945312 0.040625 0.037500
0 0.941406 0.064062 0.039062 0.034375
0 0.602344 0.138281 0.029687 0.039062
0 0.629687 0.297656 0.037500 0.023438
0 0.178906 0.878906 0.023438 0.045312
0 0.503125 0.278125 0.050000 0.031250
0 0.289844 0.530469 0.023438 0.023438
0 0.407813 0.639062 0.028125 0.034375
0 0.203125 0.905469 0.018750 0.048438
0 0.158594 0.517188 0.026562 0.050000
0 0.713281 0.318750 0.032813 0.043750
0 0.897656 0.936719 0.045312 0.026562
0 0.748437 0.407031 0.018750 0.045312
0 0.251563 0.456250 0.021875 0.046875
0 0.486719 0.559375 0.023438 0.046875
0 0.375000 0.956250 0.043750 0.021875
0 0.228906 0.026562 0.026562 0.043750
0 0.394531 0.719531 0.048438 0.032813
0 0.172656 0.199219 0.032813 0.039062
0 0.517969 0.720313 0.039062 0.037500
0 0.880469 0.985156 0.048438 0.029687
0 0.160938 0.592187 0.028125 0.046875
0 0.743750 0.362500 0.040625 0.025000
0 0.973437 0.800000 0.028125 0.021875
0 0.668750 0.302344 0.046875 0.020313
0 0.355469 0.776563 0.051562 0.021875
0 0.397656 0.192188 0.020313 0.053125
0 0.346094 0.709375 0.045312 0.031250
0 0.914844 0.900000 0.017188 0.046875
0 0.460938 0.721875 0.021875 0.046875
0 0.337500 0.958594 0.021875 0.051562
0 0.341406 0.206250 0.035937 0.031250
0 0.550781 0.391406 0.039062 0.039062
0 0.825000 0.970313 0.043750 0.034375
0 0.654687 0.009375 0.021875 0.018750
0 0.709375 0.906250 0.031250 0.034375
0 0.539844 0.815625 0.039062 0.031250
0 0.960156 0.967187 0.029687 0.037500
0 0.798438 0.857812 0.021875 0.053125
0 0.467187 0.257031 0.021875 0.057813
0 0.414062 0.585156 0.037500 0.029687
0 0.646094 0.959375 0.017188 0.028125
0 0.853906 0.809375 0.020313 0.031250
0 0.192188 0.571875 0.018750 0.043750
0 0.386719 0.592969 0.042188 0.020313
0 0.647656 0.328125 0.045312 0.021875
0 0.296094 0.448437 0.032813 0.037500
0 0.517188 0.420312 0.031250 0.037500
0 0.850000 0.842187 0.037500 0.040625
0 0.981250 0.714063 0.037500 0.021875
0 0.149219 0.905469 0.039062 0.039062
0 0.172656 0.982031 0.045312 0.035937
0 0.363281 0.978125 0.023438 0.040625
0 0.144531 0.738281 0.023438 0.054688
0 0.682031 0.335938 0.042188 0.025000
0 0.214844 0.190625 0.020313 0.050000
0 0.160156 0.783594 0.023438 0.035937
0 0.486719 0.684375 0.020313 0.046875
0 0.881250 0.567969 0.040625 0.020313
0 0.149219 0.131250 0.017188 0.040625
0 0.977344 0.467187 0.020313 0.021875
0 0.897656 0.725781 0.035937 0.023438
0 0.980469 0.932813 0.026562 0.015625
0 0.150000 0.434375 0.034375 0.037500
0 0.425781 0.739844 0.039062 0.023438
0 0.964063 0.499219 0.015625 0.017188
0 0.935937 0.963281 0.018750 0.039062
0 0.392188 0.756250 0.028125 0.040625
0 0.163281 0.663281 0.023438 0.057813
0 0.829688 0.637500 0.053125 0.031250
0 0.131250 0.299219 0.040625 0.020313
0 0.211719 0.536719 0.042188 0.029687
0 0.154688 0.103125 0.025000 0.034375
0 0.417187 0.609375 0.034375 0.025000
0 0.872656 0.727344 0.029687 0.045312
0 0.197656 0.180469 0.017188 0.045312
0 0.428906 0.727344 0.032813 0.020313
0 0.905469 0.055469 0.029687 0.057813
0 0.486719 0.725000 0.023438 0.021875
0 0.172656 0.107813 0.020313 0.046875
0 0.281250 0.431250 0.028125 0.031250
0 0.861719 0.575000 0.020313 0.031250
0 0.510938 0.297656 0.043750 0.020313
0 0.539844 0.839844 0.039062 0.023438
0 0.848437 0.968750 0.021875 0.040625
0 0.166406 0.421094 0.051562 0.026562
0 0.216406 0.560156 0.017188 0.029687
0 0.804688 0.661719 0.037500 0.017188