0 0.022656 0.982031 0.017188 0.035937
0 0.272656 0.981250 0.054688 0.037500
0 0.232031 0.976562 0.032813 0.046875
0 0.289844 0.966406 0.023438 0.045312
0 0.588281 0.954688 0.023438 0.043750
0 0.354687 0.952344 0.021875 0.045312
0 0.121094 0.946875 0.035937 0.034375
0 0.625781 0.942187 0.032813 0.031250
0 0.315625 0.933594 0.040625 0.017188
0 0.207813 0.915625 0.040625 0.018750
0 0.682031 0.914062 0.032813 0.034375
0 0.557813 0.911719 0.034375 0.042188
0 0.332813 0.872656 0.043750 0.023438
0 0.564063 0.857812 0.018750 0.046875
0 0.067969 0.839063 0.026562 0.037500
0 0.675781 0.821094 0.023438 0.045312
0 0.742188 0.791406 0.046875 0.020313
0 0.620313 0.785937 0.043750 0.025000
0 0.172656 0.771094 0.020313 0.042188
0 0.335938 0.755469 0.046875 0.032813
0 0.671094 0.728906 0.045312 0.020313
0 0.300781 0.706250 0.045312 0.031250
0 0.672656 0.691406 0.045312 0.020313
0 0.120313 0.695312 0.034375 0.031250
0 0.135937 0.653906 0.031250 0.032813
0 0.343750 0.639062 0.025000 0.025000
0 0.685937 0.635156 0.025000 0.045312
0 0.721094 0.624219 0.032813 0.035937
0 0.759375 0.623437 0.028125 0.043750
0 0.404687 0.609375 0.018750 0.043750
0 0.007031 0.598437 0.014063 0.043750
0 0.564063 0.588281 0.046875 0.026562
0 0.254688 0.581250 0.043750 0.018750
0 0.789062 0.574219 0.031250 0.039062
0 0.432031 0.564063 0.020313 0.050000
0 0.039062 0.556250 0.031250 0.037500
0 0.553125 0.542188 0.043750 0.028125
0 0.629687 0.535937 0.018750 0.021875
0 0.469531 0.522656 0.023438 0.045312
0 0.183594 0.516406 0.023438 0.042188
0 0.009375 0.515625 0.018750 0.043750
0 0.630469 0.482812 0.023438 0.040625
0 0.024219 0.465625 0.039062 0.025000
0 0.184375 0.466406 0.028125 0.042188
0 0.671094 0.455469 0.035937 0.032813
0 0.750000 0.419531 0.043750 0.039062
0 0.374219 0.403125 0.045312 0.025000
0 0.770312 0.384375 0.040625 0.021875
0 0.447656 0.354687 0.014063 0.025000
0 0.717969 0.342187 0.048438 0.031250
0 0.107031 0.330469 0.029687 0.039062
0 0.666406 0.314844 0.042188 0.017188
0 0.596094 0.321875 0.026562 0.043750
0 0.316406 0.316406 0.029687 0.045312
0 0.139844 0.314063 0.029687 0.043750
0 0.035937 0.291406 0.034375 0.029687
0 0.684375 0.284375 0.043750 0.018750
0 0.767969 0.259375 0.020313 0.043750
0 0.578906 0.249219 0.048438 0.023438
0 0.823438 0.245312 0.043750 0.021875
0 0.138281 0.240625 0.045312 0.028125
0 0.394531 0.246094 0.026562 0.048438
0 0.183594 0.225000 0.023438 0.034375
0 0.452344 0.182812 0.035937 0.040625
0 0.021875 0.162500 0.034375 0.037500
0 0.177344 0.156250 0.032813 0.037500
0 0.296875 0.140625 0.037500 0.034375
0 0.439844 0.133594 0.042188 0.029687
0 0.185156 0.117969 0.039062 0.017188
0 0.033594 0.113281 0.045312 0.017188
0 0.539062 0.113281 0.046875 0.020313
0 0.534375 0.077344 0.028125 0.032813
0 0.636719 0.046094 0.048438 0.020313
0 0.010937 0.075781 0.021875 0.039062
0 0.220312 0.076563 0.046875 0.021875
0 0.288281 0.092969 0.032813 0.029687
0 0.279687 0.112500 0.031250 0.028125
0 0.257031 0.137500 0.029687 0.043750
0 0.221875 0.195312 0.012500 0.015625
0 0.281250 0.184375 0.037500 0.025000
0 0.282031 0.171875 0.042188 0.025000
0 0.253906 0.185156 0.029687 0.039062
0 0.196875 0.318750 0.043750 0.025000
0 0.203906 0.348438 0.029687 0.034375
0 0.227344 0.346094 0.032813 0.023438
0 0.132812 0.437500 0.025000 0.025000
0 0.244531 0.478906 0.029687 0.048438
0 0.230469 0.521875 0.023438 0.043750
0 0.214844 0.536719 0.017188 0.045312
0 0.082031 0.646094 0.032813 0.051562
0 0.039844 0.656250 0.020313 0.046875
0 0.068750 0.682813 0.040625 0.034375
0 0.032031 0.811719 0.035937 0.029687
0 0.047656 0.778125 0.017188 0.043750
0 0.077344 0.786719 0.039062 0.017188
0 0.095312 0.820312 0.021875 0.040625
0 0.099219 0.854688 0.035937 0.034375
0 0.128125 0.853125 0.018750 0.046875
0 0.098437 0.890625 0.034375 0.021875
0 0.121875 0.904687 0.034375 0.040625
0 0.272656 0.867188 0.017188 0.050000
0 0.285938 0.892188 0.043750 0.028125
0 0.280469 0.910937 0.032813 0.031250
0 0.398438 0.982812 0.018750 0.031250
0 0.367188 0.834375 0.037500 0.021875
0 0.373437 0.796094 0.034375 0.029687
0 0.384375 0.800000 0.025000 0.031250
0 0.393750 0.822656 0.012500 0.045312
0 0.420312 0.849219 0.040625 0.017188
0 0.445312 0.830469 0.040625 0.023438
0 0.428125 0.814844 0.040625 0.020313
0 0.428906 0.790625 0.042188 0.028125
0 0.434375 0.768750 0.040625 0.025000
0 0.459375 0.739844 0.021875 0.042188
0 0.408594 0.757031 0.017188 0.042188
0 0.425781 0.728125 0.020313 0.025000
0 0.422656 0.714063 0.042188 0.031250
0 0.414062 0.698438 0.018750 0.025000
0 0.411719 0.682813 0.032813 0.028125
0 0.401562 0.675000 0.040625 0.021875
0 0.437500 0.650781 0.043750 0.026562
0 0.337500 0.519531 0.034375 0.026562
0 0.360156 0.541406 0.017188 0.039062
0 0.350000 0.578906 0.025000 0.039062
0 0.364844 0.602344 0.045312 0.035937
0 0.392188 0.492188 0.018750 0.012500
0 0.458594 0.607031 0.017188 0.051562
0 0.473438 0.625781 0.018750 0.051562
0 0.243750 0.775000 0.034375 0.037500
0 0.262500 0.803906 0.015625 0.042188
0 0.501563 0.839063 0.050000 0.037500
0 0.514062 0.805469 0.034375 0.035937
0 0.315625 0.459375 0.050000 0.025000
0 0.434375 0.420312 0.025000 0.043750
0 0.464062 0.401562 0.040625 0.015625
0 0.444531 0.405469 0.026562 0.039062
0 0.583594 0.371875 0.045312 0.018750
0 0.596094 0.383594 0.026562 0.035937
0 0.626563 0.351562 0.040625 0.034375
0 0.710938 0.301563 0.040625 0.021875
0 0.733594 0.303125 0.026562 0.046875
0 0.760938 0.314844 0.018750 0.045312
0 0.796094 0.326562 0.035937 0.028125
0 0.820312 0.298438 0.018750 0.046875
0 0.856250 0.282031 0.043750 0.029687
0 0.860156 0.338281 0.029687 0.045312
0 0.842969 0.373437 0.029687 0.025000
0 0.785937 0.445312 0.034375 0.046875
0 0.808594 0.466406 0.051562 0.023438
0 0.771094 0.356250 0.014063 0.034375
0 0.357031 0.067187 0.035937 0.021875
0 0.382031 0.062500 0.023438 0.018750
0 0.416406 0.068750 0.045312 0.025000
0 0.426563 0.211719 0.021875 0.048438
0 0.446094 0.242969 0.017188 0.045312
0 0.475781 0.240625 0.042188 0.034375
0 0.427344 0.285156 0.032813 0.020313
0 0.453125 0.302344 0.028125 0.039062
0 0.564063 0.057031 0.018750 0.048438
0 0.665625 0.007031 0.021875 0.014063
0 0.680469 0.021875 0.032813 0.037500
0 0.675000 0.052344 0.034375 0.035937
0 0.710156 0.017188 0.029687 0.028125
0 0.724219 0.042188 0.035937 0.031250
0 0.735156 0.020313 0.020313 0.037500
0 0.763281 0.010937 0.039062 0.021875
0 0.764062 0.035156 0.037500 0.020313
0 0.760938 0.066406 0.037500 0.023438
0 0.793750 0.039062 0.043750 0.021875
0 0.792188 0.015625 0.040625 0.015625
0 0.821094 0.005469 0.039062 0.010937
0 0.833594 0.038281 0.032813 0.029687
0 0.848437 0.028125 0.012500 0.034375
0 0.832031 0.056250 0.023438 0.021875
0 0.824219 0.065625 0.029687 0.031250
0 0.805469 0.077344 0.017188 0.029687
0 0.798438 0.100781 0.043750 0.020313
0 0.779687 0.126562 0.015625 0.025000
0 0.799219 0.133594 0.026562 0.029687
0 0.799219 0.157812 0.017188 0.028125
0 0.820312 0.159375 0.018750 0.040625
0 0.845313 0.148438 0.015625 0.037500
0 0.824219 0.125781 0.023438 0.014063
0 0.835938 0.107031 0.015625 0.035937
0 0.726562 0.107031 0.034375 0.029687
0 0.721875 0.127344 0.040625 0.032813
0 0.781250 0.183594 0.046875 0.023438
0 0.759375 0.154688 0.037500 0.025000
0 0.743750 0.175000 0.034375 0.028125
0 0.708594 0.229687 0.026562 0.034375
0 0.692187 0.210156 0.031250 0.023438
0 0.714844 0.199219 0.026562 0.032813
0 0.673438 0.185938 0.021875 0.043750
0 0.685937 0.157812 0.015625 0.046875
0 0.711719 0.155469 0.039062 0.017188
0 0.718750 0.172656 0.040625 0.014063
0 0.645312 0.114062 0.018750 0.028125
0 0.644531 0.139844 0.020313 0.026562
0 0.610156 0.617969 0.029687 0.042188
0 0.629687 0.586719 0.043750 0.017188
0 0.659375 0.596094 0.021875 0.026562
0 0.695312 0.526563 0.031250 0.037500
0 0.709375 0.536719 0.037500 0.029687
0 0.727344 0.552344 0.045312 0.017188
0 0.685937 0.569531 0.015625 0.042188
0 0.742188 0.576562 0.050000 0.015625
0 0.731250 0.592969 0.050000 0.017188
0 0.821094 0.564063 0.017188 0.043750
0 0.825000 0.595313 0.028125 0.037500
0 0.840625 0.554688 0.018750 0.043750
0 0.664844 0.778125 0.045312 0.034375
0 0.644531 0.763281 0.035937 0.020313
0 0.701562 0.750000 0.040625 0.021875
0 0.707031 0.711719 0.026562 0.045312
0 0.736719 0.706250 0.035937 0.028125
0 0.767188 0.713281 0.028125 0.026562
0 0.767188 0.682813 0.018750 0.040625
0 0.794531 0.675781 0.032813 0.029687
0 0.822656 0.675000 0.029687 0.021875
0 0.835938 0.657031 0.021875 0.039062
0 0.850000 0.700000 0.021875 0.040625
0 0.794531 0.707812 0.029687 0.031250
0 0.778125 0.742188 0.034375 0.034375
0 0.800781 0.742969 0.026562 0.042188
0 0.824219 0.746094 0.026562 0.029687
0 0.818750 0.771094 0.028125 0.029687
0 0.833594 0.800000 0.020313 0.046875
0 0.812500 0.800781 0.037500 0.026562
0 0.805469 0.827344 0.017188 0.035937
0 0.782031 0.810937 0.026562 0.037500
0 0.773438 0.833594 0.050000 0.017188
0 0.766406 0.864062 0.032813 0.037500
0 0.804688 0.866406 0.025000 0.039062
0 0.814063 0.885156 0.031250 0.039062
0 0.832031 0.900000 0.023438 0.046875
0 0.842187 0.926562 0.025000 0.040625
0 0.749219 0.882031 0.029687 0.029687
0 0.803125 0.922656 0.025000 0.039062
0 0.807813 0.963281 0.021875 0.042188
0 0.765625 0.921875 0.034375 0.037500
0 0.737500 0.909375 0.034375 0.037500
0 0.720313 0.925781 0.018750 0.029687
0 0.717969 0.966406 0.020313 0.045312
0 0.737500 0.957812 0.018750 0.040625
0 0.823438 0.697656 0.028125 0.029687