0 0.178125 0.729688 0.043750 0.034375
0 0.789062 0.502344 0.040625 0.035937
0 0.775781 0.112500 0.039062 0.034375
0 0.168750 0.548438 0.034375 0.043750
0 0.678906 0.252344 0.026562 0.042188
0 0.920312 0.272656 0.046875 0.032813
0 0.649219 0.678125 0.035937 0.040625
0 0.869531 0.871875 0.023438 0.043750
0 0.510938 0.151562 0.025000 0.050000
0 0.235937 0.704688 0.028125 0.040625
0 0.828125 0.397656 0.043750 0.032813
0 0.963281 0.106250 0.029687 0.050000
0 0.829688 0.339062 0.028125 0.046875
0 0.557813 0.210938 0.025000 0.046875
0 0.338281 0.068750 0.042188 0.021875
0 0.727344 0.689844 0.039062 0.026562
0 0.642969 0.943750 0.048438 0.021875
0 0.688281 0.739844 0.045312 0.029687
0 0.303125 0.410938 0.025000 0.043750
0 0.510938 0.243750 0.053125 0.021875
0 0.439844 0.048438 0.042188 0.021875
0 0.968750 0.207031 0.040625 0.023438
0 0.342969 0.933594 0.026562 0.042188
0 0.847656 0.936719 0.045312 0.023438
0 0.875781 0.766406 0.035937 0.032813
0 0.728125 0.657031 0.028125 0.029687
0 0.588281 0.712500 0.032813 0.046875
0 0.180469 0.605469 0.023438 0.045312
0 0.878125 0.601562 0.025000 0.046875
0 0.546094 0.284375 0.023438 0.046875
0 0.465625 0.783594 0.034375 0.042188
0 0.556250 0.565625 0.018750 0.046875
0 0.289062 0.737500 0.025000 0.043750
0 0.221094 0.925781 0.045312 0.029687
0 0.632812 0.985938 0.046875 0.021875
0 0.811719 0.969531 0.051562 0.026562
0 0.656250 0.429688 0.040625 0.021875
0 0.250000 0.782031 0.028125 0.039062
0 0.149219 0.978906 0.023438 0.039062
0 0.842187 0.438281 0.034375 0.035937
0 0.204687 0.161719 0.031250 0.048438
0 0.769531 0.797656 0.032813 0.032813
0 0.595313 0.914844 0.043750 0.029687
0 0.652344 0.096094 0.039062 0.042188
0 0.772656 0.846875 0.039062 0.034375
0 0.430469 0.471875 0.029687 0.046875
0 0.371875 0.292969 0.050000 0.026562
0 0.121094 0.798438 0.020313 0.046875
0 0.277344 0.571094 0.035937 0.042188
0 0.442188 0.502344 0.043750 0.023438
0 0.847656 0.740625 0.051562 0.021875
0 0.346094 0.626563 0.045312 0.025000
0 0.164062 0.783594 0.053125 0.023438
0 0.542969 0.717969 0.029687 0.042188
0 0.985156 0.630469 0.026562 0.023438
0 0.145313 0.342187 0.043750 0.028125
0 0.778906 0.904687 0.048438 0.025000
0 0.518750 0.557813 0.034375 0.037500
0 0.725781 0.839063 0.026562 0.043750
0 0.181250 0.337500 0.025000 0.043750
0 0.542969 0.124219 0.026562 0.045312
0 0.075000 0.798438 0.025000 0.043750
0 0.634375 0.806250 0.025000 0.046875
0 0.479687 0.528906 0.040625 0.029687
0 0.287500 0.148438 0.037500 0.040625
0 0.722656 0.976562 0.023438 0.043750
0 0.913281 0.388281 0.042188 0.032813
0 0.924219 0.557031 0.051562 0.023438
0 0.712500 0.311719 0.025000 0.042188
0 0.085938 0.893750 0.025000 0.050000
0 0.547656 0.823438 0.020313 0.046875
0 0.437500 0.983594 0.018750 0.029687
0 0.925781 0.445312 0.042188 0.031250
0 0.964844 0.592969 0.042188 0.026562
0 0.915625 0.735156 0.043750 0.026562
0 0.982812 0.695312 0.031250 0.043750
0 0.694531 0.949219 0.042188 0.026562
0 0.905469 0.468750 0.039062 0.034375
0 0.429688 0.652344 0.028125 0.042188
0 0.521875 0.760938 0.025000 0.043750
0 0.987500 0.400000 0.021875 0.028125
0 0.385156 0.127344 0.042188 0.026562
0 0.380469 0.440625 0.048438 0.021875
0 0.417187 0.420312 0.028125 0.040625
0 0.221094 0.765625 0.048438 0.018750
0 0.253125 0.746875 0.040625 0.018750
0 0.270313 0.166406 0.025000 0.045312
0 0.260937 0.893750 0.046875 0.031250
0 0.119531 0.518750 0.042188 0.021875
0 0.384375 0.737500 0.025000 0.046875
0 0.539062 0.009375 0.043750 0.018750
0 0.817187 0.786719 0.031250 0.039062
0 0.738281 0.297656 0.020313 0.045312
0 0.626563 0.843750 0.050000 0.031250
0 0.153906 0.910156 0.032813 0.039062
0 0.250781 0.613281 0.023438 0.042188
0 0.381250 0.783594 0.025000 0.042188
0 0.196875 0.464844 0.021875 0.051562
0 0.628125 0.500000 0.025000 0.053125
0 0.536719 0.857031 0.045312 0.017188
0 0.103125 0.296094 0.025000 0.045312
0 0.409375 0.627344 0.028125 0.042188
0 0.543750 0.360156 0.043750 0.035937
0 0.871875 0.414844 0.046875 0.029687
0 0.601562 0.873437 0.034375 0.043750
0 0.417969 0.790625 0.045312 0.025000
0 0.113281 0.485156 0.032813 0.042188
0 0.874219 0.971875 0.042188 0.025000
0 0.917188 0.960938 0.046875 0.028125
0 0.290625 0.875000 0.028125 0.040625
0 0.308594 0.622656 0.026562 0.048438
0 0.197656 0.203125 0.042188 0.028125
0 0.963281 0.731250 0.029687 0.043750
0 0.334375 0.146875 0.037500 0.034375
0 0.931250 0.410156 0.053125 0.023438
0 0.721875 0.919531 0.037500 0.042188
0 0.325000 0.750781 0.031250 0.045312
0 0.743750 0.931250 0.046875 0.021875
0 0.950781 0.937500 0.029687 0.043750
0 0.641406 0.118750 0.045312 0.021875
0 0.991406 0.835938 0.017188 0.043750
0 0.161719 0.881250 0.048438 0.018750
0 0.142187 0.314844 0.018750 0.045312
0 0.123438 0.261719 0.028125 0.035937
0 0.315625 0.184375 0.018750 0.046875
0 0.380469 0.814844 0.042188 0.026562
0 0.247656 0.458594 0.035937 0.042188
0 0.150781 0.278125 0.045312 0.025000
0 0.347656 0.729688 0.023438 0.053125
0 0.486719 0.612500 0.035937 0.031250
0 0.338281 0.171875 0.032813 0.018750
0 0.738281 0.378906 0.032813 0.042188
0 0.436719 0.125000 0.026562 0.050000
0 0.220312 0.470313 0.025000 0.043750
0 0.788281 0.004687 0.042188 0.009375
0 0.494531 0.881250 0.010937 0.018750
0 0.290625 0.591406 0.037500 0.045312
0 0.085938 0.516406 0.021875 0.051562
0 0.847656 0.992188 0.048438 0.015625
0 0.217969 0.850781 0.029687 0.023438
0 0.900781 0.984375 0.020313 0.031250
0 0.932813 0.581250 0.025000 0.034375
0 0.807031 0.805469 0.042188 0.029687
0 0.226562 0.510938 0.040625 0.031250
0 0.793750 0.829688 0.021875 0.037500
0 0.198437 0.863281 0.043750 0.020313
0 0.586719 0.415625 0.045312 0.031250
0 0.514844 0.625000 0.032813 0.025000
0 0.513281 0.593750 0.020313 0.040625
0 0.612500 0.468750 0.021875 0.046875
0 0.419531 0.103906 0.029687 0.045312
0 0.578906 0.371094 0.042188 0.020313
0 0.350781 0.344531 0.042188 0.026562
0 0.699219 0.379688 0.029687 0.053125
0 0.989062 0.871875 0.018750 0.028125
0 0.375000 0.327344 0.043750 0.023438
0 0.471094 0.575000 0.048438 0.025000
0 0.589063 0.392969 0.025000 0.020313
0 0.470313 0.548438 0.046875 0.018750
0 0.163281 0.239844 0.042188 0.032813
0 0.994531 0.761719 0.007812 0.026562
0 0.098437 0.379688 0.050000 0.028125
0 0.174219 0.198437 0.020313 0.021875
0 0.314844 0.567969 0.020313 0.023438
0 0.177344 0.264844 0.032813 0.035937
0 0.476562 0.562500 0.031250 0.015625
0 0.879687 0.053125 0.012500 0.037500
0 0.596094 0.437500 0.026562 0.025000
0 0.571094 0.392188 0.017188 0.018750
0 0.170313 0.296875 0.040625 0.018750
0 0.088281 0.379688 0.039062 0.034375
0 0.228906 0.494531 0.042188 0.029687
0 0.282813 0.972656 0.031250 0.020313
0 0.307812 0.973437 0.037500 0.018750
0 0.277344 0.990625 0.039062 0.015625
0 0.314063 0.990625 0.034375 0.015625
0 0.943750 0.717969 0.018750 0.023438
0 0.950000 0.689063 0.025000 0.031250
0 0.991406 0.560156 0.014063 0.039062