0 0.651563 0.790625 0.031250 0.037500
0 0.643750 0.229687 0.043750 0.025000
0 0.928906 0.952344 0.039062 0.035937
0 0.701562 0.732812 0.040625 0.031250
0 0.090625 0.400000 0.031250 0.043750
0 0.038281 0.425781 0.032813 0.045312
0 0.889844 0.276562 0.039062 0.028125
0 0.835156 0.267188 0.035937 0.034375
0 0.717187 0.163281 0.021875 0.045312
0 0.125781 0.255469 0.032813 0.035937
0 0.016406 0.246875 0.032813 0.040625
0 0.654687 0.384375 0.031250 0.040625
0 0.974219 0.907813 0.032813 0.040625
0 0.695312 0.198437 0.053125 0.025000
0 0.889062 0.444531 0.031250 0.042188
0 0.030469 0.516406 0.029687 0.048438
0 0.760156 0.560156 0.048438 0.026562
0 0.886719 0.597656 0.029687 0.039062
0 0.553125 0.676562 0.043750 0.025000
0 0.759375 0.898438 0.043750 0.021875
0 0.961719 0.526563 0.032813 0.037500
0 0.941406 0.567969 0.045312 0.023438
0 0.511719 0.862500 0.051562 0.025000
0 0.978906 0.127344 0.035937 0.026562
0 0.584375 0.571875 0.043750 0.025000
0 0.653125 0.564063 0.018750 0.050000
0 0.627344 0.660937 0.035937 0.050000
0 0.504687 0.088281 0.031250 0.045312
0 0.778906 0.271875 0.026562 0.043750
0 0.765625 0.726562 0.050000 0.021875
0 0.878906 0.542188 0.020313 0.046875
0 0.454688 0.580469 0.031250 0.051562
0 0.439844 0.250781 0.051562 0.023438
0 0.710938 0.814063 0.050000 0.025000
0 0.545312 0.932813 0.028125 0.040625
0 0.086719 0.979688 0.042188 0.021875
0 0.098437 0.464844 0.046875 0.023438
0 0.819531 0.085938 0.045312 0.021875
0 0.801562 0.913281 0.050000 0.023438
0 0.964063 0.617188 0.046875 0.021875
0 0.700000 0.067187 0.037500 0.034375
0 0.737500 0.630469 0.034375 0.032813
0 0.136719 0.374219 0.035937 0.039062
0 0.701562 0.287500 0.031250 0.046875
0 0.567969 0.382812 0.042188 0.031250
0 0.676562 0.696094 0.021875 0.051562
0 0.507812 0.942969 0.025000 0.051562
0 0.503125 0.671875 0.025000 0.040625
0 0.599219 0.509375 0.026562 0.043750
0 0.845313 0.773438 0.046875 0.031250
0 0.552344 0.355469 0.039062 0.032813
0 0.550781 0.083594 0.032813 0.042188
0 0.833594 0.322656 0.051562 0.023438
0 0.537500 0.132812 0.021875 0.050000
0 0.379688 0.192188 0.040625 0.037500
0 0.051562 0.746094 0.031250 0.035937
0 0.452344 0.770312 0.035937 0.037500
0 0.844531 0.208594 0.035937 0.039062
0 0.452344 0.654687 0.020313 0.053125
0 0.464844 0.882812 0.026562 0.050000
0 0.677344 0.077344 0.042188 0.026562
0 0.814844 0.356250 0.035937 0.034375
0 0.619531 0.423438 0.048438 0.021875
0 0.534375 0.524219 0.034375 0.045312
0 0.025000 0.703906 0.037500 0.029687
0 0.667969 0.119531 0.039062 0.026562
0 0.386719 0.079687 0.023438 0.046875
0 0.382812 0.251563 0.015625 0.040625
0 0.454688 0.193750 0.046875 0.025000
0 0.762500 0.803906 0.037500 0.039062
0 0.080469 0.844531 0.045312 0.020313
0 0.833594 0.653125 0.032813 0.043750
0 0.410938 0.473438 0.031250 0.037500
0 0.432812 0.093750 0.018750 0.040625
0 0.989062 0.691406 0.018750 0.039062
0 0.020313 0.731250 0.040625 0.021875
0 0.559375 0.539062 0.037500 0.031250
0 0.101562 0.297656 0.025000 0.045312
0 0.416406 0.937500 0.039062 0.034375
0 0.052344 0.632812 0.029687 0.034375
0 0.970313 0.207813 0.040625 0.018750
0 0.493750 0.557813 0.046875 0.028125
0 0.621875 0.293750 0.050000 0.025000
0 0.979688 0.721875 0.037500 0.021875
0 0.675781 0.342187 0.042188 0.018750
0 0.875000 0.740625 0.043750 0.021875
0 0.610938 0.393750 0.046875 0.028125
0 0.736719 0.264844 0.039062 0.029687
0 0.807031 0.521875 0.045312 0.021875
0 0.891406 0.160938 0.042188 0.025000
0 0.389844 0.039062 0.032813 0.037500
0 0.414844 0.371875 0.045312 0.031250
0 0.019531 0.169531 0.039062 0.023438
0 0.569531 0.967969 0.045312 0.023438
0 0.793750 0.639062 0.034375 0.028125
0 0.414844 0.842187 0.020313 0.043750
0 0.833594 0.621875 0.048438 0.018750
0 0.089844 0.536719 0.048438 0.020313
0 0.876563 0.320312 0.025000 0.050000
0 0.104688 0.626563 0.018750 0.050000
0 0.428906 0.760938 0.035937 0.031250
0 0.950781 0.650000 0.048438 0.021875
0 0.750000 0.953125 0.050000 0.028125
0 0.571094 0.777344 0.017188 0.042188
0 0.558594 0.039844 0.042188 0.029687
0 0.588281 0.271094 0.023438 0.045312
0 0.723437 0.332031 0.046875 0.020313
0 0.842187 0.355469 0.018750 0.042188
0 0.831250 0.988281 0.046875 0.023438
0 0.919531 0.786719 0.020313 0.039062
0 0.571094 0.420312 0.032813 0.037500
0 0.113281 0.075000 0.042188 0.025000
0 0.955469 0.174219 0.023438 0.035937
0 0.087500 0.152344 0.034375 0.035937
0 0.094531 0.096875 0.045312 0.025000
0 0.435156 0.819531 0.029687 0.045312
0 0.084375 0.328906 0.034375 0.032813
0 0.964844 0.039844 0.042188 0.023438
0 0.096875 0.917969 0.056250 0.020313
0 0.882031 0.789844 0.023438 0.051562
0 0.759375 0.768750 0.021875 0.043750
0 0.828125 0.800781 0.034375 0.017188
0 0.459375 0.956250 0.050000 0.018750
0 0.099219 0.124219 0.026562 0.035937
0 0.582812 0.800781 0.043750 0.029687
0 0.844531 0.521094 0.042188 0.023438
0 0.411719 0.642969 0.032813 0.048438
0 0.042188 0.950781 0.040625 0.029687
0 0.131250 0.208594 0.040625 0.035937
0 0.991406 0.838281 0.017188 0.039062
0 0.459375 0.739062 0.031250 0.031250
0 0.014844 0.198437 0.029687 0.031250
0 0.434375 0.863281 0.028125 0.042188
0 0.049219 0.082031 0.026562 0.048438
0 0.061719 0.693750 0.039062 0.025000
0 0.978125 0.164844 0.025000 0.035937
0 0.351562 0.275000 0.046875 0.021875
0 0.800000 0.962500 0.053125 0.034375
0 0.482031 0.635156 0.023438 0.032813
0 0.078125 0.235156 0.025000 0.035937
0 0.880469 0.135156 0.045312 0.026562
0 0.057031 0.674219 0.017188 0.026562
0 0.550781 0.984375 0.023438 0.028125
0 0.420312 0.710156 0.028125 0.039062
0 0.760156 0.990625 0.042188 0.018750
0 0.010156 0.950000 0.020313 0.028125
0 0.914844 0.703125 0.045312 0.034375
0 0.475000 0.666406 0.018750 0.045312
0 0.059375 0.171094 0.043750 0.020313
0 0.076563 0.948438 0.043750 0.021875
0 0.121094 0.689844 0.020313 0.042188
0 0.122656 0.839844 0.026562 0.035937
0 0.670312 0.146875 0.025000 0.040625
0 0.119531 0.792969 0.020313 0.045312
0 0.535937 0.422656 0.034375 0.039062
0 0.032031 0.796094 0.048438 0.020313
0 0.450781 0.934375 0.039062 0.028125
0 0.337500 0.085938 0.021875 0.043750
0 0.130469 0.130469 0.023438 0.035937
0 0.957812 0.745313 0.037500 0.018750
0 0.900781 0.385156 0.017188 0.017188
0 0.758594 0.217969 0.045312 0.020313
0 0.596875 0.028125 0.034375 0.043750
0 0.085156 0.721094 0.029687 0.035937
0 0.587500 0.192969 0.050000 0.026562
0 0.014844 0.106250 0.029687 0.031250
0 0.057031 0.259375 0.026562 0.043750
0 0.403906 0.782031 0.020313 0.042188
0 0.385156 0.378125 0.026562 0.040625
0 0.125000 0.439063 0.021875 0.043750
0 0.700000 0.100000 0.046875 0.021875
0 0.557031 0.289844 0.039062 0.029687
0 0.011719 0.131250 0.023438 0.031250
0 0.155469 0.266406 0.023438 0.032813
0 0.920312 0.121094 0.037500 0.042188
0 0.885938 0.043750 0.040625 0.018750
0 0.089063 0.657813 0.018750 0.046875
0 0.021094 0.831250 0.042188 0.018750
0 0.009375 0.585156 0.018750 0.039062
0 0.775781 0.069531 0.048438 0.029687
0 0.089063 0.188281 0.025000 0.035937
0 0.449219 0.911719 0.042188 0.017188
0 0.080469 0.628906 0.029687 0.039062
0 0.040625 0.612500 0.046875 0.025000
0 0.411719 0.966406 0.045312 0.029687
0 0.123438 0.890625 0.018750 0.046875
0 0.928125 0.763281 0.046875 0.026562
0 0.835938 0.141406 0.040625 0.017188
0 0.947656 0.679688 0.020313 0.046875
0 0.867188 0.910937 0.037500 0.025000
0 0.120313 0.957812 0.021875 0.043750
0 0.921875 0.149219 0.018750 0.026562
0 0.580469 0.323437 0.020313 0.056250
0 0.838281 0.158594 0.048438 0.017188
0 0.449219 0.004687 0.042188 0.009375
0 0.942969 0.125781 0.029687 0.029687
0 0.425000 0.214062 0.031250 0.040625
0 0.809375 0.560156 0.031250 0.026562
0 0.128906 0.557813 0.017188 0.040625
0 0.522656 0.009375 0.020313 0.018750
0 0.108594 0.010156 0.032813 0.020313
0 0.021875 0.812500 0.043750 0.021875
0 0.818750 0.586719 0.031250 0.026562
0 0.392188 0.609375 0.028125 0.046875
0 0.367188 0.332031 0.021875 0.032813
0 0.058594 0.207813 0.045312 0.021875
0 0.992969 0.619531 0.014063 0.042188
0 0.139844 0.311719 0.039062 0.035937
0 0.796094 0.227344 0.048438 0.023438
0 0.535156 0.024219 0.045312 0.020313
0 0.898438 0.917188 0.034375 0.025000
0 0.805469 0.597656 0.035937 0.032813
0 0.687500 0.324219 0.025000 0.017188
0 0.109375 0.560937 0.015625 0.034375
0 0.498437 0.586719 0.040625 0.042188
0 0.945312 0.094531 0.046875 0.023438
0 0.705469 0.632812 0.026562 0.037500
0 0.425000 0.496094 0.021875 0.029687
0 0.012500 0.971094 0.025000 0.026562
0 0.046094 0.771875 0.042188 0.015625
0 0.122656 0.585156 0.042188 0.020313
0 0.105469 0.939844 0.017188 0.035937
0 0.800781 0.041406 0.042188 0.017188
0 0.092969 0.899219 0.023438 0.017188
0 0.939063 0.196875 0.021875 0.040625
0 0.112500 0.051562 0.028125 0.025000
0 0.917188 0.194531 0.028125 0.026562
0 0.861719 0.046094 0.042188 0.026562
0 0.769531 0.973437 0.042188 0.021875
0 0.871094 0.180469 0.039062 0.026562
0 0.364844 0.235156 0.017188 0.045312
0 0.350000 0.307812 0.040625 0.025000
0 0.450000 0.085938 0.015625 0.018750
0 0.417969 0.520312 0.029687 0.037500
0 0.417187 0.036719 0.018750 0.017188
0 0.349219 0.289062 0.045312 0.018750
0 0.877344 0.109375 0.020313 0.021875
0 0.087500 0.756250 0.028125 0.025000
0 0.109375 0.030469 0.037500 0.023438
0 0.787500 0.606250 0.034375 0.031250
0 0.984375 0.146875 0.028125 0.018750
0 0.344531 0.150000 0.020313 0.037500
0 0.994531 0.271094 0.010937 0.023438
0 0.395313 0.530469 0.018750 0.045312
0 0.863281 0.126562 0.039062 0.018750
0 0.045312 0.188281 0.037500 0.023438
0 0.744531 0.033594 0.042188 0.023438
0 0.082812 0.026562 0.021875 0.031250
0 0.781250 0.026562 0.025000 0.018750
0 0.055469 0.014844 0.017188 0.029687
0 0.746094 0.063281 0.035937 0.023438
0 0.023438 0.634375 0.018750 0.028125
0 0.118750 0.735156 0.021875 0.054688
0 0.405469 0.143750 0.017188 0.031250
0 0.040625 0.029687 0.037500 0.028125
0 0.948438 0.149219 0.025000 0.017188
0 0.040625 0.008594 0.015625 0.017188
0 0.003125 0.928906 0.006250 0.026562
0 0.005469 0.615625 0.010937 0.034375
0 0.157812 0.340625 0.018750 0.043750
0 0.989844 0.032031 0.017188 0.039062
0 0.964844 0.481250 0.029687 0.040625
0 0.979688 0.480469 0.021875 0.042188
0 0.363281 0.021094 0.029687 0.026562
0 0.347656 0.025000 0.020313 0.043750
0 0.135156 0.053125 0.023438 0.034375
0 0.417969 0.678906 0.029687 0.029687
0 0.071094 0.764844 0.020313 0.048438
0 0.411719 0.981250 0.023438 0.031250
0 0.443750 0.691406 0.031250 0.035937