0 0.977344 0.610938 0.029687 0.043750
0 0.481250 0.228906 0.025000 0.042188
0 0.291406 0.099219 0.042188 0.026562
0 0.560937 0.494531 0.040625 0.029687
0 0.479687 0.745313 0.046875 0.021875
0 0.931250 0.018750 0.037500 0.037500
0 0.573438 0.778125 0.034375 0.037500
0 0.390625 0.050000 0.037500 0.031250
0 0.853906 0.711719 0.051562 0.026562
0 0.317188 0.367188 0.034375 0.037500
0 0.954688 0.191406 0.040625 0.026562
0 0.367969 0.238281 0.035937 0.039062
0 0.903125 0.650781 0.046875 0.023438
0 0.980469 0.297656 0.035937 0.032813
0 0.763281 0.796094 0.032813 0.045312
0 0.390625 0.112500 0.021875 0.043750
0 0.700000 0.073438 0.043750 0.025000
0 0.596875 0.386719 0.025000 0.045312
0 0.604688 0.693750 0.021875 0.037500
0 0.656250 0.161719 0.025000 0.048438
0 0.569531 0.176563 0.032813 0.040625
0 0.423438 0.920312 0.031250 0.034375
0 0.260156 0.682031 0.023438 0.045312
0 0.382031 0.630469 0.035937 0.029687
0 0.643750 0.290625 0.040625 0.018750
0 0.776563 0.310937 0.046875 0.025000
0 0.163281 0.907813 0.051562 0.034375
0 0.606250 0.335938 0.043750 0.021875
0 0.221875 0.331250 0.040625 0.025000
0 0.704688 0.314063 0.050000 0.021875
0 0.885938 0.273438 0.040625 0.025000
0 0.669531 0.425781 0.048438 0.020313
0 0.402344 0.248438 0.023438 0.050000
0 0.717969 0.181250 0.029687 0.043750
0 0.892188 0.223438 0.053125 0.021875
0 0.308594 0.567969 0.029687 0.032813
0 0.759375 0.650000 0.034375 0.034375
0 0.753125 0.181250 0.037500 0.034375
0 0.645312 0.192969 0.025000 0.042188
0 0.544531 0.679688 0.020313 0.043750
0 0.267188 0.609375 0.037500 0.028125
0 0.907813 0.171094 0.046875 0.017188
0 0.977344 0.244531 0.042188 0.023438
0 0.209375 0.852344 0.021875 0.042188
0 0.714063 0.566406 0.043750 0.029687
0 0.910156 0.522656 0.023438 0.048438
0 0.210156 0.448437 0.035937 0.034375
0 0.331250 0.303906 0.046875 0.020313
0 0.650781 0.639844 0.045312 0.029687
0 0.760938 0.345313 0.046875 0.025000
0 0.292969 0.217188 0.048438 0.021875
0 0.318750 0.895312 0.037500 0.025000
0 0.710156 0.948438 0.039062 0.031250
0 0.309375 0.501563 0.037500 0.034375
0 0.382031 0.364063 0.042188 0.031250
0 0.706250 0.396094 0.043750 0.026562
0 0.953125 0.822656 0.040625 0.029687
0 0.535937 0.032031 0.037500 0.032813
0 0.979688 0.447656 0.037500 0.023438
0 0.656250 0.454688 0.028125 0.021875
0 0.685156 0.875781 0.020313 0.045312
0 0.475000 0.952344 0.040625 0.032813
0 0.459375 0.649219 0.046875 0.039062
0 0.864062 0.606250 0.031250 0.040625
0 0.225000 0.406250 0.018750 0.046875
0 0.875781 0.459375 0.042188 0.028125
0 0.628906 0.018750 0.020313 0.037500
0 0.330469 0.777344 0.045312 0.029687
0 0.400781 0.010937 0.042188 0.021875
0 0.294531 0.710938 0.029687 0.050000
0 0.567969 0.705469 0.020313 0.045312
0 0.601562 0.596875 0.031250 0.046875
0 0.744531 0.898438 0.023438 0.037500
0 0.542969 0.886719 0.026562 0.039062
0 0.719531 0.802344 0.048438 0.023438
0 0.297656 0.589844 0.032813 0.035937
0 0.959375 0.216406 0.043750 0.023438
0 0.750000 0.614844 0.040625 0.035937
0 0.945312 0.328125 0.046875 0.021875
0 0.672656 0.799219 0.026562 0.048438
0 0.157812 0.862500 0.046875 0.028125
0 0.342187 0.592187 0.040625 0.025000
0 0.535937 0.854688 0.050000 0.025000
0 0.497656 0.500781 0.045312 0.035937
0 0.742188 0.153125 0.034375 0.043750
0 0.172656 0.834375 0.026562 0.043750
0 0.955469 0.766406 0.042188 0.020313
0 0.230469 0.519531 0.020313 0.045312
0 0.578906 0.055469 0.054688 0.035937
0 0.480469 0.139063 0.048438 0.021875
0 0.376563 0.493750 0.043750 0.037500
0 0.744531 0.710156 0.035937 0.029687
0 0.890625 0.395313 0.031250 0.037500
0 0.507031 0.400781 0.017188 0.048438
0 0.205469 0.682031 0.020313 0.039062
0 0.906250 0.900000 0.028125 0.040625
0 0.632031 0.829688 0.045312 0.025000
0 0.319531 0.846094 0.026562 0.023438
0 0.679688 0.656250 0.046875 0.018750
0 0.832812 0.150000 0.031250 0.043750
0 0.422656 0.864844 0.039062 0.029687
0 0.338281 0.621875 0.035937 0.043750
0 0.527344 0.461719 0.029687 0.032813
0 0.446094 0.366406 0.032813 0.039062
0 0.370312 0.968750 0.043750 0.037500
0 0.326562 0.453125 0.031250 0.050000
0 0.776563 0.132812 0.031250 0.050000
0 0.774219 0.380469 0.045312 0.026562
0 0.428906 0.398438 0.032813 0.034375
0 0.604688 0.140625 0.043750 0.021875
0 0.860156 0.406250 0.020313 0.046875
0 0.366406 0.015625 0.026562 0.031250
0 0.913281 0.563281 0.045312 0.026562
0 0.692969 0.707031 0.029687 0.035937
0 0.527344 0.353906 0.020313 0.045312
0 0.182812 0.933594 0.018750 0.035937
0 0.646875 0.610156 0.040625 0.023438
0 0.734375 0.126562 0.028125 0.034375
0 0.837500 0.608594 0.021875 0.045312
0 0.660156 0.549219 0.032813 0.042188
0 0.212500 0.975000 0.037500 0.031250
0 0.892969 0.926562 0.039062 0.025000
0 0.180469 0.699219 0.048438 0.032813
0 0.212500 0.482031 0.025000 0.042188
0 0.759375 0.832031 0.025000 0.039062
0 0.275781 0.882031 0.048438 0.020313
0 0.537500 0.389844 0.028125 0.035937
0 0.289844 0.404687 0.039062 0.037500
0 0.722656 0.357031 0.051562 0.023438
0 0.599219 0.099219 0.023438 0.042188
0 0.626563 0.913281 0.037500 0.039062
0 0.335938 0.552344 0.037500 0.020313
0 0.833594 0.467969 0.032813 0.042188
0 0.305469 0.249219 0.026562 0.048438
0 0.303906 0.420312 0.032813 0.040625
0 0.703906 0.478906 0.023438 0.048438
0 0.860156 0.478125 0.029687 0.028125
0 0.828125 0.775000 0.018750 0.040625
0 0.145313 0.727344 0.025000 0.035937
0 0.725781 0.278906 0.035937 0.026562
0 0.861719 0.370312 0.054688 0.025000
0 0.646875 0.571094 0.040625 0.039062
0 0.503906 0.015625 0.029687 0.031250
0 0.978125 0.375000 0.025000 0.043750
0 0.265625 0.397656 0.037500 0.026562
0 0.795312 0.456250 0.040625 0.021875
0 0.512500 0.919531 0.021875 0.042188
0 0.717969 0.900781 0.023438 0.051562
0 0.503906 0.046875 0.023438 0.040625
0 0.469531 0.466406 0.039062 0.023438
0 0.835156 0.499219 0.042188 0.029687
0 0.738281 0.084375 0.029687 0.050000
0 0.592187 0.920312 0.018750 0.046875
0 0.572656 0.132031 0.035937 0.029687
0 0.478906 0.609375 0.029687 0.034375
0 0.505469 0.878906 0.042188 0.035937
0 0.350000 0.678125 0.025000 0.043750
0 0.393750 0.401562 0.025000 0.043750
0 0.689844 0.765625 0.023438 0.043750
0 0.846094 0.526563 0.023438 0.037500
0 0.182812 0.498437 0.028125 0.043750
0 0.196094 0.286719 0.026562 0.048438
0 0.735938 0.493750 0.043750 0.018750
0 0.721094 0.679688 0.023438 0.043750
0 0.720313 0.585938 0.034375 0.037500
0 0.985156 0.337500 0.029687 0.040625
0 0.829688 0.205469 0.050000 0.026562
0 0.792188 0.160938 0.028125 0.050000
0 0.379688 0.686719 0.037500 0.032813
0 0.164062 0.991406 0.046875 0.017188
0 0.545312 0.412500 0.043750 0.028125
0 0.240625 0.037500 0.021875 0.037500
0 0.446875 0.296875 0.043750 0.018750
0 0.175781 0.453125 0.026562 0.050000
0 0.905469 0.468750 0.023438 0.040625
0 0.507812 0.120313 0.028125 0.037500
0 0.271094 0.842187 0.039062 0.037500
0 0.785937 0.753906 0.021875 0.042188
0 0.860156 0.938281 0.042188 0.020313
0 0.781250 0.443750 0.031250 0.031250
0 0.367969 0.873437 0.020313 0.043750
0 0.717187 0.617969 0.028125 0.035937
0 0.494531 0.607812 0.035937 0.031250
0 0.664844 0.838281 0.026562 0.032813
0 0.831250 0.180469 0.046875 0.026562
0 0.589063 0.953125 0.040625 0.025000
0 0.801562 0.796094 0.028125 0.039062
0 0.992969 0.182031 0.014063 0.035937
0 0.807031 0.575000 0.026562 0.034375
0 0.826562 0.539844 0.018750 0.042188
0 0.167969 0.214844 0.042188 0.020313
0 0.757812 0.580469 0.021875 0.048438
0 0.541406 0.084375 0.035937 0.025000
0 0.780469 0.487500 0.029687 0.043750
0 0.439063 0.317969 0.031250 0.039062
0 0.801562 0.490625 0.018750 0.043750
0 0.204687 0.162500 0.021875 0.053125
0 0.831250 0.435937 0.043750 0.021875
0 0.192969 0.979688 0.023438 0.034375
0 0.458594 0.891406 0.017188 0.045312
0 0.952344 0.292187 0.023438 0.031250
0 0.174219 0.101562 0.035937 0.028125
0 0.939063 0.275781 0.046875 0.017188
0 0.275000 0.546094 0.031250 0.026562
0 0.707031 0.270313 0.032813 0.018750
0 0.325781 0.524219 0.017188 0.042188
0 0.832031 0.655469 0.045312 0.035937
0 0.230469 0.068750 0.039062 0.015625
0 0.984375 0.407031 0.031250 0.032813
0 0.675781 0.609375 0.029687 0.025000
0 0.550000 0.064844 0.043750 0.023438
0 0.529687 0.539062 0.028125 0.043750
0 0.737500 0.428125 0.034375 0.018750
0 0.496094 0.539844 0.029687 0.054688
0 0.546875 0.534375 0.037500 0.025000
0 0.171875 0.720313 0.031250 0.025000
0 0.185938 0.238281 0.031250 0.042188
0 0.333594 0.817969 0.048438 0.026562
0 0.282813 0.522656 0.037500 0.026562
0 0.246094 0.262500 0.057813 0.021875
0 0.910937 0.401562 0.034375 0.034375
0 0.709375 0.764844 0.018750 0.029687
0 0.275781 0.358594 0.035937 0.051562
0 0.535156 0.132812 0.042188 0.025000
0 0.914844 0.956250 0.020313 0.040625
0 0.520312 0.089063 0.021875 0.040625
0 0.139063 0.672656 0.037500 0.026562
0 0.446875 0.485938 0.043750 0.018750
0 0.157031 0.645312 0.020313 0.046875
0 0.335938 0.977344 0.053125 0.032813
0 0.203125 0.010937 0.028125 0.021875
0 0.211719 0.231250 0.032813 0.034375
0 0.937500 0.257812 0.043750 0.015625
0 0.894531 0.597656 0.042188 0.035937
0 0.286719 0.758594 0.020313 0.042188
0 0.333594 0.009375 0.020313 0.018750
0 0.746875 0.458594 0.037500 0.023438
0 0.933594 0.230469 0.026562 0.032813
0 0.400000 0.860156 0.031250 0.035937
0 0.786719 0.567187 0.042188 0.046875
0 0.230469 0.163281 0.029687 0.039062
0 0.425781 0.522656 0.032813 0.020313
0 0.722656 0.445312 0.035937 0.015625
0 0.761719 0.429688 0.017188 0.040625
0 0.433594 0.453906 0.026562 0.039062
0 0.771094 0.396875 0.039062 0.021875
0 0.274219 0.980469 0.029687 0.029687
0 0.482812 0.095312 0.021875 0.015625
0 0.310156 0.533594 0.014063 0.039062
0 0.821875 0.387500 0.043750 0.018750
0 0.945312 0.390625 0.037500 0.034375
0 0.421875 0.369531 0.018750 0.045312
0 0.823438 0.401562 0.040625 0.018750
0 0.441406 0.414844 0.020313 0.035937
0 0.634375 0.964844 0.034375 0.032813
0 0.614062 0.556250 0.018750 0.040625
0 0.549219 0.443750 0.020313 0.043750
0 0.925781 0.414844 0.029687 0.017188
0 0.310156 0.803125 0.048438 0.018750
0 0.410938 0.378906 0.015625 0.042188
0 0.364063 0.557813 0.025000 0.018750
0 0.704688 0.721094 0.015625 0.023438
0 0.543750 0.105469 0.031250 0.017188
0 0.442969 0.508594 0.035937 0.023438
0 0.621875 0.579688 0.015625 0.034375
0 0.310156 0.789062 0.042188 0.015625
0 0.413281 0.556250 0.023438 0.043750
0 0.137500 0.710156 0.021875 0.039062
0 0.472656 0.496094 0.032813 0.023438
0 0.746875 0.679688 0.037500 0.025000
0 0.382812 0.887500 0.025000 0.018750
0 0.232813 0.139844 0.043750 0.017188
0 0.254688 0.250000 0.059375 0.018750
0 0.359375 0.821875 0.037500 0.018750
0 0.257812 0.520312 0.034375 0.025000
0 0.806250 0.597656 0.031250 0.029687
0 0.781250 0.414844 0.031250 0.020313
0 0.488281 0.550781 0.014063 0.032813
0 0.214062 0.074219 0.034375 0.032813
0 0.179688 0.158594 0.015625 0.042188
0 0.889844 0.432031 0.029687 0.017188
0 0.207031 0.038281 0.032813 0.026562
0 0.210938 0.093750 0.034375 0.034375
0 0.223438 0.103906 0.018750 0.020313
0 0.181250 0.067969 0.034375 0.042188
0 0.171875 0.037500 0.043750 0.031250
0 0.199219 0.255469 0.023438 0.020313
0 0.348438 0.518750 0.021875 0.037500
0 0.427344 0.564844 0.014063 0.029687
0 0.440625 0.583594 0.028125 0.035937
0 0.397656 0.531250 0.029687 0.037500
0 0.377344 0.536719 0.023438 0.017188
0 0.387500 0.564063 0.028125 0.012500
0 0.385937 0.578125 0.018750 0.015625
0 0.407813 0.578906 0.018750 0.017188
0 0.301563 0.632812 0.015625 0.015625
0 0.443750 0.556250 0.028125 0.021875
0 0.117188 0.703125 0.021875 0.037500
0 0.299219 0.985156 0.029687 0.026562
0 0.276562 0.914844 0.043750 0.014063
0 0.267188 0.901563 0.053125 0.015625
0 0.275781 0.783594 0.026562 0.023438
0 0.322656 0.811719 0.029687 0.026562
0 0.486719 0.900000 0.020313 0.037500
0 0.635156 0.935937 0.032813 0.034375
0 0.606250 0.941406 0.015625 0.014063
0 0.887500 0.954688 0.028125 0.031250
0 0.971875 0.838281 0.021875 0.017188
0 0.984375 0.832812 0.028125 0.037500
0 0.985156 0.777344 0.026562 0.020313
0 0.742188 0.539844 0.028125 0.054688
0 0.733594 0.485156 0.035937 0.039062
0 0.357031 0.575781 0.017188 0.032813
0 0.365625 0.546094 0.021875 0.023438
0 0.980469 0.908594 0.035937 0.017188
0 0.964844 0.892188 0.020313 0.025000