0 0.498437 0.504687 0.037500 0.031250
0 0.328125 0.382031 0.034375 0.045312
0 0.121094 0.620313 0.042188 0.028125
0 0.378125 0.823438 0.028125 0.043750
0 0.528125 0.732031 0.031250 0.032813
0 0.591406 0.533594 0.042188 0.023438
0 0.578125 0.350781 0.046875 0.032813
0 0.081250 0.791406 0.034375 0.026562
0 0.796094 0.799219 0.045312 0.029687
0 0.431250 0.531250 0.046875 0.025000
0 0.569531 0.160156 0.042188 0.029687
0 0.303906 0.208594 0.032813 0.035937
0 0.582031 0.982031 0.042188 0.029687
0 0.167969 0.688281 0.054688 0.026562
0 0.689844 0.546094 0.042188 0.023438
0 0.288281 0.260937 0.035937 0.037500
0 0.428125 0.896094 0.040625 0.020313
0 0.336719 0.051562 0.035937 0.031250
0 0.418750 0.333594 0.021875 0.048438
0 0.028906 0.777344 0.026562 0.048438
0 0.521875 0.763281 0.040625 0.026562
0 0.281250 0.761719 0.043750 0.017188
0 0.217969 0.015625 0.026562 0.031250
0 0.116406 0.300781 0.029687 0.048438
0 0.349219 0.208594 0.045312 0.020313
0 0.767188 0.754687 0.031250 0.034375
0 0.450000 0.066406 0.040625 0.032813
0 0.391406 0.263281 0.039062 0.023438
0 0.703125 0.617969 0.031250 0.039062
0 0.534375 0.832031 0.028125 0.042188
0 0.814063 0.828906 0.046875 0.023438
0 0.294531 0.032031 0.035937 0.032813
0 0.766406 0.543750 0.048438 0.021875
0 0.688281 0.119531 0.023438 0.048438
0 0.580469 0.693750 0.029687 0.040625
0 0.642969 0.011719 0.045312 0.023438
0 0.592969 0.455469 0.039062 0.039062
0 0.050000 0.471875 0.031250 0.028125
0 0.671875 0.026562 0.028125 0.043750
0 0.700781 0.254688 0.039062 0.034375
0 0.325000 0.232813 0.046875 0.025000
0 0.337500 0.013281 0.043750 0.026562
0 0.724219 0.848437 0.042188 0.031250
0 0.108594 0.456250 0.026562 0.046875
0 0.410938 0.571875 0.031250 0.037500
0 0.657031 0.270313 0.045312 0.021875
0 0.783594 0.277344 0.020313 0.048438
0 0.621094 0.252344 0.042188 0.026562
0 0.760938 0.657813 0.043750 0.028125
0 0.592187 0.790625 0.043750 0.018750
0 0.268750 0.039062 0.031250 0.037500
0 0.108594 0.365625 0.026562 0.043750
0 0.082031 0.300781 0.020313 0.039062
0 0.068750 0.725781 0.040625 0.029687
0 0.694531 0.742969 0.039062 0.029687
0 0.554688 0.457813 0.037500 0.025000
0 0.065625 0.703906 0.037500 0.023438
0 0.625000 0.459375 0.021875 0.050000
0 0.760938 0.857812 0.043750 0.021875
0 0.593750 0.651563 0.025000 0.040625
0 0.800000 0.568750 0.028125 0.040625
0 0.449219 0.037500 0.045312 0.025000
0 0.361719 0.335938 0.032813 0.043750
0 0.639062 0.965625 0.043750 0.021875
0 0.658594 0.450000 0.032813 0.028125
0 0.239844 0.292187 0.035937 0.028125
0 0.222656 0.229687 0.039062 0.021875
0 0.770312 0.007031 0.046875 0.014063
0 0.615625 0.878906 0.037500 0.020313
0 0.582031 0.750781 0.035937 0.026562
0 0.767188 0.200000 0.031250 0.043750
0 0.018750 0.242969 0.018750 0.039062
0 0.775781 0.511719 0.035937 0.039062
0 0.748437 0.448437 0.031250 0.034375
0 0.793750 0.500000 0.031250 0.037500
0 0.602344 0.950000 0.026562 0.040625
0 0.649219 0.317969 0.048438 0.020313
0 0.507031 0.987500 0.042188 0.021875
0 0.715625 0.780469 0.043750 0.023438
0 0.602344 0.714063 0.029687 0.034375
0 0.725000 0.292969 0.031250 0.042188
0 0.129688 0.213281 0.018750 0.048438
0 0.735938 0.076563 0.018750 0.050000
0 0.426563 0.277344 0.021875 0.045312
0 0.648438 0.715625 0.046875 0.021875
0 0.703906 0.985938 0.042188 0.025000
0 0.741406 0.204687 0.020313 0.050000
0 0.048438 0.560156 0.021875 0.048438
0 0.429688 0.388281 0.018750 0.023438
0 0.718750 0.931250 0.040625 0.028125
0 0.810937 0.920312 0.025000 0.040625
0 0.009375 0.361719 0.018750 0.045312
0 0.725000 0.814063 0.028125 0.046875
0 0.637500 0.737500 0.037500 0.025000
0 0.772656 0.696875 0.020313 0.046875
0 0.067969 0.905469 0.039062 0.020313
0 0.795312 0.400781 0.018750 0.042188
0 0.625781 0.407813 0.039062 0.037500
0 0.635156 0.341406 0.039062 0.020313
0 0.637500 0.800000 0.043750 0.028125
0 0.730469 0.364063 0.023438 0.043750
0 0.660937 0.747656 0.034375 0.023438
0 0.635156 0.108594 0.048438 0.020313
0 0.089844 0.237500 0.017188 0.040625
0 0.606250 0.019531 0.034375 0.039062
0 0.646875 0.159375 0.025000 0.034375
0 0.570312 0.725781 0.034375 0.017188
0 0.112500 0.219531 0.018750 0.045312
0 0.659375 0.134375 0.021875 0.040625
0 0.024219 0.196094 0.042188 0.023438
0 0.062500 0.235937 0.034375 0.031250
0 0.707031 0.907031 0.035937 0.020313
0 0.476562 0.264062 0.021875 0.050000
0 0.646875 0.775781 0.021875 0.042188
0 0.658594 0.978125 0.029687 0.025000
0 0.481250 0.975000 0.018750 0.040625
0 0.732812 0.394531 0.037500 0.032813
0 0.489063 0.225781 0.018750 0.042188
0 0.375000 0.307031 0.031250 0.048438
0 0.614844 0.906250 0.042188 0.021875
0 0.642188 0.887500 0.028125 0.028125
0 0.008594 0.405469 0.017188 0.039062
0 0.725781 0.443750 0.017188 0.040625
0 0.171875 0.932031 0.021875 0.035937
0 0.094531 0.334375 0.035937 0.031250
0 0.641406 0.364063 0.020313 0.034375
0 0.028906 0.460156 0.020313 0.035937
0 0.793750 0.718750 0.025000 0.053125
0 0.695312 0.412500 0.028125 0.034375
0 0.602344 0.125000 0.042188 0.028125
0 0.681250 0.977344 0.028125 0.042188
0 0.173437 0.965625 0.031250 0.037500
0 0.445312 0.007812 0.021875 0.015625
0 0.212500 0.265625 0.018750 0.043750
0 0.631250 0.932031 0.018750 0.026562
0 0.073438 0.933594 0.037500 0.035937
0 0.748437 0.422656 0.025000 0.032813
0 0.042188 0.218750 0.025000 0.021875
0 0.649219 0.233594 0.039062 0.029687
0 0.835938 0.881250 0.018750 0.028125
0 0.014844 0.445312 0.023438 0.043750
0 0.098437 0.505469 0.040625 0.029687
0 0.206250 0.196094 0.028125 0.029687
0 0.174219 0.238281 0.020313 0.045312
0 0.189844 0.282813 0.032813 0.015625
0 0.429688 0.688281 0.021875 0.054688
0 0.188281 0.297656 0.042188 0.017188
0 0.449219 0.685937 0.023438 0.043750
0 0.673438 0.885156 0.037500 0.032813
0 0.654687 0.862500 0.028125 0.018750
0 0.230469 0.249219 0.020313 0.023438
0 0.620313 0.215625 0.040625 0.028125
0 0.067187 0.964063 0.046875 0.018750
0 0.170313 0.273438 0.040625 0.028125
0 0.740625 0.329688 0.034375 0.034375
0 0.656250 0.401562 0.021875 0.028125
0 0.613281 0.746875 0.017188 0.040625
0 0.685156 0.386719 0.029687 0.017188
0 0.670312 0.486719 0.021875 0.045312
0 0.085938 0.528906 0.034375 0.020313
0 0.666406 0.339844 0.017188 0.029687
0 0.832031 0.907031 0.014063 0.035937
0 0.685937 0.894531 0.031250 0.023438
0 0.005469 0.896094 0.010937 0.042188
0 0.782031 0.459375 0.026562 0.028125
0 0.785156 0.433594 0.026562 0.042188
0 0.725000 0.487500 0.025000 0.031250
0 0.701562 0.501563 0.021875 0.021875
0 0.690625 0.471094 0.025000 0.029687
0 0.709375 0.471875 0.018750 0.021875
0 0.685937 0.444531 0.021875 0.020313
0 0.703906 0.377344 0.023438 0.032813
0 0.717187 0.344531 0.018750 0.029687
0 0.818750 0.957031 0.028125 0.023438