0 0.197656 0.992969 0.023438 0.014063
0 0.267969 0.989844 0.017188 0.020313
0 0.298438 0.987500 0.018750 0.025000
0 0.217188 0.974219 0.043750 0.017188
0 0.585156 0.976562 0.032813 0.031250
0 0.053125 0.972656 0.037500 0.023438
0 0.360156 0.979688 0.023438 0.040625
0 0.763281 0.960156 0.020313 0.023438
0 0.428906 0.954688 0.039062 0.031250
0 0.756250 0.937500 0.018750 0.018750
0 0.121094 0.940625 0.032813 0.034375
0 0.010156 0.926562 0.020313 0.031250
0 0.713281 0.917188 0.035937 0.037500
0 0.746094 0.907031 0.026562 0.048438
0 0.654687 0.883594 0.031250 0.039062
0 0.012500 0.869531 0.025000 0.020313
0 0.462500 0.875000 0.046875 0.040625
0 0.176563 0.860156 0.025000 0.045312
0 0.471875 0.843750 0.025000 0.043750
0 0.221875 0.835938 0.018750 0.043750
0 0.265625 0.821094 0.034375 0.032813
0 0.203906 0.824219 0.017188 0.045312
0 0.613281 0.806250 0.048438 0.025000
0 0.039062 0.816406 0.021875 0.045312
0 0.706250 0.810937 0.028125 0.043750
0 0.113281 0.786719 0.039062 0.026562
0 0.663281 0.782031 0.039062 0.020313
0 0.075000 0.767969 0.037500 0.017188
0 0.307812 0.772656 0.018750 0.042188
0 0.503125 0.763281 0.021875 0.045312
0 0.613281 0.753906 0.048438 0.029687
0 0.549219 0.760938 0.032813 0.043750
0 0.184375 0.754687 0.031250 0.031250
0 0.696875 0.744531 0.034375 0.029687
0 0.336719 0.730469 0.048438 0.029687
0 0.284375 0.720313 0.043750 0.025000
0 0.404687 0.717969 0.025000 0.045312
0 0.653125 0.705469 0.046875 0.029687
0 0.094531 0.688281 0.032813 0.032813
0 0.403125 0.679688 0.046875 0.021875
0 0.621875 0.643750 0.015625 0.043750
0 0.149219 0.607031 0.032813 0.032813
0 0.008594 0.590625 0.017188 0.028125
0 0.506250 0.578906 0.028125 0.035937
0 0.587500 0.568750 0.021875 0.025000
0 0.199219 0.535156 0.026562 0.048438
0 0.271094 0.513281 0.045312 0.023438
0 0.207031 0.492188 0.039062 0.018750
0 0.463281 0.476562 0.026562 0.040625
0 0.757031 0.466406 0.035937 0.039062
0 0.185156 0.460938 0.042188 0.028125
0 0.167187 0.382031 0.025000 0.017188
0 0.497656 0.380469 0.035937 0.032813
0 0.234375 0.361719 0.040625 0.017188
0 0.167187 0.353125 0.031250 0.037500
0 0.414062 0.321875 0.031250 0.012500
0 0.382812 0.320312 0.025000 0.015625
0 0.306250 0.327344 0.034375 0.035937
0 0.033594 0.300781 0.039062 0.026562
0 0.727344 0.293750 0.020313 0.046875
0 0.411719 0.286719 0.023438 0.045312
0 0.388281 0.242969 0.023438 0.045312
0 0.165625 0.229687 0.034375 0.025000
0 0.500000 0.210156 0.037500 0.035937
0 0.105469 0.200781 0.039062 0.026562
0 0.207031 0.189844 0.026562 0.045312
0 0.053125 0.172656 0.037500 0.017188
0 0.160156 0.171875 0.045312 0.025000
0 0.143750 0.153125 0.037500 0.018750
0 0.166406 0.122656 0.045312 0.017188
0 0.490625 0.114062 0.021875 0.028125
0 0.453906 0.098437 0.045312 0.018750
0 0.685156 0.077344 0.035937 0.029687
0 0.097656 0.107031 0.039062 0.026562
0 0.134375 0.206250 0.031250 0.031250
0 0.109375 0.242969 0.018750 0.048438
0 0.142187 0.246875 0.034375 0.043750
0 0.214062 0.218750 0.028125 0.040625
0 0.237500 0.217188 0.031250 0.034375
0 0.273438 0.204687 0.043750 0.018750
0 0.255469 0.150781 0.045312 0.023438
0 0.246875 0.127344 0.031250 0.026562
0 0.305469 0.100781 0.039062 0.020313
0 0.339844 0.096094 0.029687 0.017188
0 0.357812 0.234375 0.031250 0.031250
0 0.346875 0.253125 0.053125 0.018750
0 0.360156 0.271094 0.048438 0.020313
0 0.507812 0.088281 0.037500 0.026562
0 0.528906 0.077344 0.023438 0.032813
0 0.580469 0.155469 0.029687 0.048438
0 0.602344 0.164062 0.020313 0.040625
0 0.623437 0.149219 0.025000 0.020313
0 0.633594 0.174219 0.042188 0.020313
0 0.685156 0.140625 0.035937 0.028125
0 0.667969 0.175781 0.017188 0.039062
0 0.648438 0.193750 0.034375 0.021875
0 0.643750 0.223438 0.040625 0.025000
0 0.654687 0.235937 0.034375 0.037500
0 0.660156 0.260156 0.035937 0.035937
0 0.670312 0.282031 0.046875 0.017188
0 0.735938 0.171875 0.018750 0.037500
0 0.595313 0.064844 0.028125 0.032813
0 0.620313 0.061719 0.025000 0.020313
0 0.682031 0.049219 0.042188 0.017188
0 0.644531 0.027344 0.032813 0.014063
0 0.619531 0.041406 0.032813 0.017188
0 0.714063 0.015625 0.034375 0.021875
0 0.739844 0.016406 0.042188 0.017188
0 0.733594 0.036719 0.014063 0.023438
0 0.767969 0.028125 0.023438 0.034375
0 0.794531 0.020313 0.017188 0.034375
0 0.791406 0.048438 0.035937 0.018750
0 0.739844 0.062500 0.023438 0.021875
0 0.751563 0.074219 0.043750 0.023438
0 0.791406 0.073438 0.023438 0.025000
0 0.776563 0.088281 0.025000 0.020313
0 0.764062 0.121094 0.018750 0.045312
0 0.805469 0.091406 0.010937 0.029687
0 0.782813 0.131250 0.015625 0.037500
0 0.802344 0.139063 0.014063 0.034375
0 0.789844 0.164062 0.042188 0.021875
0 0.787500 0.182812 0.021875 0.021875
0 0.776563 0.197656 0.031250 0.026562
0 0.799219 0.224219 0.023438 0.029687
0 0.678125 0.217188 0.012500 0.043750
0 0.688281 0.189844 0.020313 0.048438
0 0.703906 0.233594 0.042188 0.029687
0 0.719531 0.197656 0.035937 0.029687
0 0.725781 0.224219 0.032813 0.026562
0 0.753906 0.221094 0.029687 0.035937
0 0.776563 0.235156 0.018750 0.042188
0 0.807813 0.256250 0.034375 0.037500
0 0.785937 0.277344 0.046875 0.026562
0 0.819531 0.292969 0.029687 0.026562
0 0.828906 0.321094 0.023438 0.023438
0 0.778906 0.333594 0.020313 0.045312
0 0.753125 0.361719 0.037500 0.035937
0 0.721094 0.379688 0.026562 0.043750
0 0.710938 0.323437 0.043750 0.025000
0 0.682031 0.335156 0.042188 0.017188
0 0.659375 0.307031 0.050000 0.029687
0 0.652344 0.343750 0.039062 0.040625
0 0.627344 0.347656 0.035937 0.020313
0 0.703125 0.414062 0.050000 0.021875
0 0.709375 0.440625 0.025000 0.034375
0 0.735156 0.443750 0.029687 0.034375
0 0.806250 0.443750 0.018750 0.050000
0 0.793750 0.493750 0.025000 0.046875
0 0.766406 0.500000 0.045312 0.021875
0 0.745313 0.517188 0.037500 0.040625
0 0.738281 0.581250 0.045312 0.028125
0 0.778906 0.599219 0.017188 0.045312
0 0.735156 0.605469 0.045312 0.029687
0 0.707812 0.606250 0.040625 0.037500
0 0.687500 0.649219 0.028125 0.042188
0 0.716406 0.651563 0.029687 0.050000
0 0.788281 0.628906 0.032813 0.048438
0 0.792969 0.649219 0.017188 0.032813
0 0.784375 0.687500 0.028125 0.040625
0 0.753906 0.706250 0.017188 0.043750
0 0.731250 0.714063 0.025000 0.043750
0 0.757031 0.745313 0.032813 0.037500
0 0.785156 0.738281 0.023438 0.045312
0 0.801562 0.737500 0.015625 0.040625
0 0.732812 0.768750 0.043750 0.031250
0 0.788281 0.789844 0.014063 0.045312
0 0.801562 0.767188 0.012500 0.028125
0 0.747656 0.795312 0.035937 0.025000
0 0.753125 0.805469 0.034375 0.023438
0 0.772656 0.810156 0.020313 0.035937
0 0.776563 0.835938 0.040625 0.025000
0 0.738281 0.832031 0.042188 0.026562
0 0.694531 0.843750 0.045312 0.018750
0 0.623437 0.575781 0.040625 0.020313
0 0.539062 0.600000 0.025000 0.034375
0 0.526563 0.618750 0.043750 0.018750
0 0.555469 0.416406 0.026562 0.039062
0 0.586719 0.383594 0.039062 0.032813
0 0.546875 0.378125 0.037500 0.043750
0 0.546094 0.353906 0.042188 0.032813
0 0.432031 0.364063 0.042188 0.028125
0 0.408594 0.390625 0.023438 0.037500
0 0.396875 0.413281 0.028125 0.035937
0 0.389844 0.441406 0.020313 0.039062
0 0.411719 0.456250 0.026562 0.034375
0 0.424219 0.422656 0.029687 0.023438
0 0.092188 0.469531 0.015625 0.026562
0 0.101562 0.567187 0.034375 0.037500
0 0.112500 0.606250 0.028125 0.043750
0 0.023438 0.672656 0.031250 0.045312
0 0.006250 0.686719 0.012500 0.045312
0 0.017188 0.725781 0.021875 0.045312
0 0.046094 0.739062 0.035937 0.037500
0 0.078125 0.728906 0.037500 0.029687
0 0.034375 0.885156 0.043750 0.029687
0 0.038281 0.897656 0.042188 0.026562
0 0.061719 0.921875 0.023438 0.034375
0 0.082031 0.904687 0.039062 0.025000
0 0.089844 0.889844 0.054688 0.020313
0 0.237500 0.904687 0.025000 0.046875
0 0.253125 0.930469 0.028125 0.023438
0 0.240625 0.952344 0.037500 0.039062
0 0.285938 0.850000 0.028125 0.040625
0 0.309375 0.882812 0.043750 0.021875
0 0.328906 0.867969 0.026562 0.014063
0 0.355469 0.867188 0.014063 0.034375
0 0.382031 0.884375 0.035937 0.031250
0 0.372656 0.852344 0.017188 0.032813
0 0.396094 0.836719 0.029687 0.029687
0 0.422656 0.811719 0.020313 0.042188
0 0.401562 0.792969 0.037500 0.039062
0 0.368750 0.822656 0.040625 0.017188
0 0.335156 0.828125 0.026562 0.015625
0 0.334375 0.852344 0.028125 0.014063
0 0.316406 0.842969 0.026562 0.017188
0 0.366406 0.796094 0.017188 0.032813
0 0.367188 0.772656 0.043750 0.026562
0 0.385937 0.752344 0.025000 0.035937
0 0.375781 0.727344 0.026562 0.039062
0 0.205469 0.653125 0.042188 0.018750
0 0.247656 0.645312 0.042188 0.028125
0 0.243750 0.688281 0.031250 0.048438
0 0.292969 0.675000 0.032813 0.028125
0 0.314063 0.695312 0.050000 0.021875
0 0.289062 0.645312 0.037500 0.028125
0 0.314063 0.617188 0.021875 0.040625
0 0.319531 0.578125 0.026562 0.037500
0 0.317188 0.553125 0.037500 0.025000
0 0.412500 0.594531 0.021875 0.042188
0 0.420312 0.618750 0.015625 0.050000
0 0.458594 0.652344 0.032813 0.048438
0 0.471094 0.640625 0.035937 0.028125
0 0.523438 0.792188 0.046875 0.018750
0 0.523438 0.807031 0.018750 0.014063
0 0.528906 0.695312 0.035937 0.037500
0 0.552344 0.721875 0.035937 0.034375
0 0.593750 0.821875 0.046875 0.028125
0 0.587500 0.859375 0.021875 0.050000
0 0.707031 0.868750 0.045312 0.031250
0 0.774219 0.914844 0.026562 0.035937
0 0.797656 0.907031 0.029687 0.042188
0 0.799219 0.932813 0.039062 0.040625
0 0.667188 0.917188 0.046875 0.025000
0 0.642188 0.936719 0.040625 0.023438
0 0.677344 0.953906 0.017188 0.048438
0 0.693750 0.967969 0.034375 0.029687