0 0.112500 0.530469 0.037500 0.032813
0 0.062500 0.414062 0.034375 0.034375
0 0.099219 0.394531 0.026562 0.045312
0 0.136719 0.471875 0.042188 0.025000
0 0.178906 0.535937 0.039062 0.031250
0 0.748437 0.616406 0.031250 0.042188
0 0.285938 0.290625 0.028125 0.040625
0 0.939844 0.793750 0.035937 0.034375
0 0.262500 0.140625 0.034375 0.031250
0 0.347656 0.232813 0.039062 0.040625
0 0.104688 0.279687 0.043750 0.031250
0 0.298438 0.326562 0.046875 0.028125
0 0.715625 0.179688 0.046875 0.025000
0 0.213281 0.965625 0.029687 0.040625
0 0.935156 0.838281 0.035937 0.035937
0 0.927344 0.975000 0.032813 0.043750
0 0.839844 0.454688 0.029687 0.043750
0 0.200781 0.324219 0.023438 0.045312
0 0.258594 0.067187 0.042188 0.031250
0 0.224219 0.728125 0.045312 0.031250
0 0.130469 0.753125 0.032813 0.037500
0 0.803906 0.196094 0.023438 0.045312
0 0.878125 0.885156 0.040625 0.029687
0 0.053906 0.018750 0.032813 0.031250
0 0.824219 0.523438 0.026562 0.050000
0 0.215625 0.827344 0.031250 0.039062
0 0.785937 0.257031 0.028125 0.045312
0 0.945312 0.338281 0.046875 0.026562
0 0.906250 0.317188 0.028125 0.043750
0 0.217969 0.613281 0.020313 0.042188
0 0.207813 0.018750 0.021875 0.037500
0 0.025000 0.218750 0.031250 0.037500
0 0.294531 0.669531 0.035937 0.032813
0 0.346875 0.346094 0.034375 0.035937
0 0.325781 0.140625 0.042188 0.018750
0 0.013281 0.653906 0.026562 0.020313
0 0.982031 0.971094 0.035937 0.020313
0 0.944531 0.479687 0.035937 0.046875
0 0.198437 0.467187 0.021875 0.053125
0 0.646875 0.082812 0.031250 0.037500
0 0.221875 0.091406 0.028125 0.045312
0 0.164062 0.874219 0.018750 0.045312
0 0.262500 0.580469 0.043750 0.029687
0 0.400781 0.272656 0.039062 0.029687
0 0.680469 0.016406 0.029687 0.032813
0 0.852344 0.197656 0.035937 0.039062
0 0.964844 0.848437 0.020313 0.050000
0 0.021094 0.264062 0.029687 0.040625
0 0.048438 0.909375 0.031250 0.037500
0 0.207031 0.695312 0.051562 0.021875
0 0.345313 0.816406 0.040625 0.029687
0 0.100781 0.832812 0.026562 0.043750
0 0.010937 0.714063 0.021875 0.028125
0 0.264062 0.696875 0.028125 0.043750
0 0.232031 0.418750 0.020313 0.046875
0 0.907031 0.389844 0.020313 0.051562
0 0.337500 0.023438 0.040625 0.037500
0 0.061719 0.765625 0.023438 0.043750
0 0.858594 0.035156 0.042188 0.020313
0 0.819531 0.401562 0.029687 0.043750
0 0.093750 0.879687 0.025000 0.050000
0 0.810156 0.233594 0.045312 0.029687
0 0.271094 0.925000 0.042188 0.034375
0 0.760156 0.541406 0.032813 0.035937
0 0.086719 0.639844 0.042188 0.032813
0 0.757031 0.310156 0.029687 0.045312
0 0.405469 0.664844 0.054688 0.029687
0 0.731250 0.960156 0.021875 0.048438
0 0.133594 0.880469 0.020313 0.048438
0 0.770312 0.447656 0.031250 0.051562
0 0.433594 0.878125 0.032813 0.043750
0 0.413281 0.504687 0.051562 0.025000
0 0.384375 0.536719 0.021875 0.035937
0 0.949219 0.280469 0.045312 0.026562
0 0.964063 0.415625 0.037500 0.031250
0 0.149219 0.817969 0.020313 0.048438
0 0.940625 0.186719 0.040625 0.042188
0 0.755469 0.032031 0.048438 0.023438
0 0.877344 0.848437 0.023438 0.043750
0 0.907813 0.194531 0.037500 0.026562
0 0.797656 0.978906 0.026562 0.042188
0 0.341406 0.689844 0.042188 0.023438
0 0.184375 0.174219 0.037500 0.029687
0 0.314063 0.564844 0.037500 0.039062
0 0.754687 0.751563 0.037500 0.028125
0 0.089063 0.764062 0.021875 0.046875
0 0.308594 0.445312 0.045312 0.018750
0 0.855469 0.480469 0.042188 0.023438
0 0.171875 0.984375 0.028125 0.028125
0 0.307812 0.759375 0.034375 0.034375
0 0.905469 0.030469 0.029687 0.045312
0 0.397656 0.989062 0.042188 0.018750
0 0.864844 0.769531 0.048438 0.023438
0 0.881250 0.218750 0.053125 0.021875
0 0.401562 0.607812 0.028125 0.050000
0 0.718750 0.306250 0.028125 0.040625
0 0.982812 0.256250 0.018750 0.050000
0 0.991406 0.750781 0.014063 0.039062
0 0.385156 0.433594 0.026562 0.042188
0 0.371094 0.654687 0.032813 0.040625
0 0.828906 0.157031 0.035937 0.042188
0 0.259375 0.896094 0.025000 0.048438
0 0.167187 0.735156 0.028125 0.032813
0 0.756250 0.771094 0.040625 0.023438
0 0.908594 0.917969 0.020313 0.051562
0 0.014063 0.847656 0.028125 0.045312
0 0.417969 0.228906 0.042188 0.032813
0 0.350781 0.556250 0.029687 0.037500
0 0.189062 0.751563 0.028125 0.040625
0 0.868750 0.797656 0.040625 0.035937
0 0.303125 0.812500 0.037500 0.034375
0 0.010156 0.017188 0.020313 0.021875
0 0.020313 0.989062 0.040625 0.018750
0 0.017969 0.528125 0.035937 0.018750
0 0.328906 0.390625 0.048438 0.025000
0 0.871094 0.077344 0.039062 0.039062
0 0.376563 0.014844 0.040625 0.029687
0 0.410156 0.370312 0.026562 0.053125
0 0.323437 0.791406 0.037500 0.026562
0 0.346094 0.513281 0.020313 0.048438
0 0.710156 0.650781 0.023438 0.045312
0 0.348438 0.646094 0.028125 0.045312
0 0.964844 0.221875 0.020313 0.050000
0 0.340625 0.583594 0.046875 0.023438
0 0.847656 0.252344 0.023438 0.051562
0 0.685156 0.139844 0.039062 0.023438
0 0.735938 0.730469 0.018750 0.042188
0 0.389844 0.135937 0.035937 0.034375
0 0.432812 0.382812 0.025000 0.046875
0 0.746094 0.856250 0.026562 0.040625
0 0.434375 0.721094 0.040625 0.023438
0 0.372656 0.586719 0.039062 0.039062
0 0.328906 0.364063 0.048438 0.021875
0 0.028906 0.042969 0.017188 0.045312
0 0.720313 0.510156 0.025000 0.039062
0 0.183594 0.201563 0.039062 0.025000
0 0.266406 0.482031 0.045312 0.023438
0 0.009375 0.060937 0.018750 0.031250
0 0.938281 0.237500 0.026562 0.046875
0 0.438281 0.122656 0.035937 0.042188
0 0.839063 0.919531 0.031250 0.048438
0 0.146875 0.982031 0.018750 0.032813
0 0.993750 0.653906 0.009375 0.039062
0 0.703906 0.741406 0.023438 0.042188
0 0.010156 0.969531 0.020313 0.039062
0 0.370312 0.104688 0.056250 0.018750
0 0.056250 0.957812 0.043750 0.031250
0 0.708594 0.259375 0.023438 0.046875
0 0.012500 0.904687 0.025000 0.034375
0 0.014844 0.087500 0.029687 0.028125
0 0.077344 0.989062 0.039062 0.021875
0 0.046875 0.216406 0.015625 0.032813
0 0.242188 0.671875 0.018750 0.046875
0 0.912500 0.578125 0.025000 0.034375
0 0.355469 0.073438 0.026562 0.043750
0 0.429688 0.473438 0.021875 0.040625
0 0.297656 0.718750 0.045312 0.018750
0 0.245312 0.621094 0.025000 0.051562
0 0.710938 0.418750 0.028125 0.025000
0 0.989844 0.442969 0.017188 0.029687
0 0.043750 0.061719 0.018750 0.042188
0 0.408594 0.005469 0.035937 0.010937
0 0.660156 0.142187 0.042188 0.034375
0 0.414062 0.455469 0.028125 0.042188
0 0.894531 0.168750 0.023438 0.034375
0 0.687500 0.449219 0.043750 0.029687
0 0.360156 0.757031 0.045312 0.029687
0 0.060156 0.617188 0.039062 0.021875
0 0.291406 0.553125 0.039062 0.028125
0 0.425000 0.796094 0.021875 0.039062
0 0.714844 0.006250 0.042188 0.012500
0 0.323437 0.510938 0.028125 0.025000
0 0.445312 0.153125 0.031250 0.053125
0 0.066406 0.098437 0.032813 0.021875
0 0.821875 0.960938 0.025000 0.050000
0 0.886719 0.005469 0.045312 0.010937
0 0.724219 0.867969 0.032813 0.026562
0 0.742188 0.487500 0.021875 0.046875
0 0.274219 0.454688 0.042188 0.053125
0 0.800781 0.378125 0.039062 0.025000
0 0.425781 0.271094 0.026562 0.042188
0 0.459375 0.091406 0.021875 0.045312
0 0.708594 0.987500 0.017188 0.025000
0 0.850000 0.160156 0.040625 0.023438
0 0.707812 0.814844 0.018750 0.045312
0 0.727344 0.839063 0.017188 0.040625
0 0.914062 0.602344 0.050000 0.020313
0 0.006250 0.324219 0.012500 0.039062
0 0.006250 0.557813 0.012500 0.040625
0 0.431250 0.947656 0.031250 0.032813
0 0.893750 0.061719 0.043750 0.017188
0 0.371094 0.616406 0.020313 0.035937
0 0.292187 0.532031 0.018750 0.020313
0 0.006250 0.879687 0.012500 0.031250
0 0.378125 0.716406 0.050000 0.020313
0 0.910937 0.252344 0.034375 0.032813
0 0.223438 0.188281 0.043750 0.029687
0 0.887500 0.248438 0.034375 0.037500
0 0.003906 0.807813 0.007812 0.034375
0 0.024219 0.005469 0.023438 0.010937
0 0.400781 0.448437 0.023438 0.034375
0 0.421875 0.746094 0.015625 0.039062
0 0.718750 0.781250 0.025000 0.031250
0 0.907813 0.151562 0.025000 0.040625
0 0.431250 0.922656 0.028125 0.039062
0 0.707812 0.464062 0.031250 0.037500
0 0.104688 0.501563 0.015625 0.012500
0 0.720313 0.478125 0.018750 0.028125
0 0.995313 0.128125 0.009375 0.040625
0 0.410938 0.773438 0.043750 0.018750
0 0.750000 0.436719 0.018750 0.045312
0 0.345313 0.710156 0.025000 0.026562
0 0.015625 0.766406 0.031250 0.020313
0 0.792188 0.397656 0.025000 0.026562
0 0.010156 0.600000 0.020313 0.015625
0 0.721875 0.553906 0.025000 0.035937
0 0.316406 0.739844 0.029687 0.023438
0 0.709375 0.217188 0.015625 0.021875
0 0.735938 0.799219 0.028125 0.023438
0 0.736719 0.557031 0.026562 0.032813
0 0.871875 0.139844 0.025000 0.042188
0 0.204687 0.167969 0.034375 0.029687
0 0.278906 0.468750 0.039062 0.025000
0 0.321875 0.618750 0.037500 0.050000
0 0.212500 0.750000 0.025000 0.018750
0 0.699219 0.862500 0.026562 0.043750
0 0.009375 0.585156 0.018750 0.014063
0 0.257031 0.725000 0.023438 0.034375
0 0.721875 0.759375 0.018750 0.037500
0 0.806250 0.742188 0.018750 0.040625
0 0.796094 0.732812 0.017188 0.040625
0 0.735156 0.431250 0.023438 0.046875
0 0.679688 0.046094 0.025000 0.029687
0 0.667969 0.040625 0.020313 0.050000
0 0.889844 0.061719 0.017188 0.042188
0 0.862500 0.100000 0.037500 0.034375
0 0.441406 0.096094 0.020313 0.032813
0 0.372656 0.134375 0.029687 0.043750
0 0.126562 0.831250 0.018750 0.046875
0 0.032813 0.931250 0.034375 0.021875
0 0.009375 0.932031 0.018750 0.017188
0 0.226562 0.896875 0.034375 0.037500
0 0.232813 0.902344 0.031250 0.039062
0 0.343750 0.757812 0.034375 0.034375
0 0.293750 0.778125 0.034375 0.028125
0 0.273438 0.754687 0.025000 0.034375
0 0.390625 0.740625 0.025000 0.031250
0 0.300781 0.420312 0.026562 0.043750