0 0.803125 0.990625 0.043750 0.018750
0 0.119531 0.988281 0.017188 0.023438
0 0.031250 0.985156 0.034375 0.029687
0 0.007812 0.983594 0.015625 0.026562
0 0.264844 0.982031 0.035937 0.035937
0 0.657031 0.973437 0.023438 0.050000
0 0.012500 0.955469 0.025000 0.023438
0 0.904687 0.951562 0.018750 0.043750
0 0.869531 0.944531 0.017188 0.042188
0 0.929688 0.939844 0.018750 0.045312
0 0.623437 0.928906 0.021875 0.045312
0 0.819531 0.918750 0.048438 0.037500
0 0.742188 0.900781 0.034375 0.029687
0 0.635156 0.870313 0.032813 0.031250
0 0.885938 0.861719 0.028125 0.039062
0 0.760938 0.860156 0.040625 0.039062
0 0.121094 0.855469 0.017188 0.029687
0 0.017969 0.844531 0.035937 0.017188
0 0.597656 0.847656 0.026562 0.039062
0 0.142969 0.836719 0.026562 0.020313
0 0.940625 0.844531 0.018750 0.045312
0 0.057813 0.809375 0.037500 0.046875
0 0.968750 0.784375 0.040625 0.037500
0 0.647656 0.750000 0.020313 0.043750
0 0.600781 0.744531 0.032813 0.039062
0 0.567969 0.739844 0.026562 0.048438
0 0.690625 0.735156 0.034375 0.048438
0 0.146875 0.702344 0.025000 0.039062
0 0.986719 0.675000 0.026562 0.018750
0 0.566406 0.671875 0.039062 0.034375
0 0.719531 0.659375 0.032813 0.040625
0 0.957031 0.642969 0.020313 0.045312
0 0.967969 0.607031 0.045312 0.020313
0 0.253125 0.599219 0.046875 0.017188
0 0.592969 0.610156 0.042188 0.048438
0 0.897656 0.593750 0.029687 0.040625
0 0.971875 0.551562 0.043750 0.018750
0 0.084375 0.559375 0.028125 0.037500
0 0.025000 0.559375 0.050000 0.050000
0 0.167187 0.532813 0.043750 0.025000
0 0.740625 0.510938 0.046875 0.021875
0 0.226562 0.510938 0.034375 0.031250
0 0.016406 0.500000 0.023438 0.043750
0 0.261719 0.480469 0.020313 0.045312
0 0.684375 0.361719 0.043750 0.020313
0 0.750000 0.321094 0.040625 0.032813
0 0.786719 0.321094 0.023438 0.042188
0 0.992188 0.310937 0.015625 0.043750
0 0.706250 0.308594 0.025000 0.051562
0 0.842187 0.301563 0.031250 0.046875
0 0.010156 0.299219 0.020313 0.045312
0 0.758594 0.281250 0.042188 0.021875
0 0.242969 0.257812 0.023438 0.031250
0 0.210938 0.217969 0.053125 0.020313
0 0.657813 0.212500 0.046875 0.028125
0 0.748437 0.207813 0.028125 0.046875
0 0.970313 0.200000 0.037500 0.050000
0 0.866406 0.173437 0.039062 0.031250
0 0.700781 0.140625 0.045312 0.025000
0 0.021875 0.121875 0.043750 0.031250
0 0.093750 0.117188 0.021875 0.050000
0 0.692969 0.087500 0.039062 0.037500
0 0.693750 0.038281 0.043750 0.026562
0 0.876563 0.038281 0.025000 0.042188
0 0.092969 0.032813 0.026562 0.037500
0 0.946094 0.008594 0.023438 0.017188
0 0.831250 0.008594 0.040625 0.017188
0 0.712500 0.010156 0.028125 0.020313
0 0.692187 0.919531 0.031250 0.051562
0 0.662500 0.905469 0.021875 0.023438
0 0.646875 0.677344 0.034375 0.032813
0 0.667188 0.655469 0.043750 0.029687
0 0.637500 0.635156 0.037500 0.042188
0 0.633594 0.614844 0.032813 0.029687
0 0.699219 0.460938 0.051562 0.015625
0 0.692969 0.493750 0.032813 0.043750
0 0.688281 0.549219 0.026562 0.048438
0 0.717187 0.571875 0.050000 0.025000
0 0.806250 0.567969 0.050000 0.023438
0 0.794531 0.587500 0.039062 0.040625
0 0.867188 0.653125 0.028125 0.050000
0 0.881250 0.625781 0.021875 0.048438
0 0.739844 0.630469 0.051562 0.023438
0 0.677344 0.872656 0.039062 0.042188
0 0.710156 0.860938 0.035937 0.028125
0 0.703125 0.835938 0.034375 0.021875
0 0.670312 0.840625 0.037500 0.034375
0 0.638281 0.815625 0.029687 0.040625
0 0.613281 0.794531 0.029687 0.045312
0 0.642188 0.794531 0.037500 0.023438
0 0.556250 0.771875 0.040625 0.046875
0 0.542969 0.821875 0.026562 0.043750
0 0.565625 0.953125 0.018750 0.040625
0 0.539062 0.986719 0.031250 0.023438
0 0.534375 0.962500 0.046875 0.025000
0 0.525000 0.917969 0.018750 0.042188
0 0.507812 0.935937 0.018750 0.031250
0 0.479687 0.963281 0.012500 0.051562
0 0.492188 0.964844 0.015625 0.039062
0 0.496875 0.981250 0.018750 0.034375
0 0.513281 0.978125 0.014063 0.040625
0 0.496094 0.941406 0.023438 0.023438
0 0.749219 0.942187 0.048438 0.031250
0 0.739844 0.962500 0.039062 0.031250
0 0.849219 0.815625 0.023438 0.040625
0 0.858594 0.773438 0.051562 0.043750
0 0.888281 0.810937 0.023438 0.046875
0 0.910156 0.804688 0.032813 0.025000
0 0.964844 0.832812 0.026562 0.043750
0 0.988281 0.848437 0.020313 0.028125
0 0.978906 0.886719 0.039062 0.035937
0 0.990625 0.878125 0.015625 0.012500
0 0.990625 0.916406 0.015625 0.014063
0 0.839844 0.366406 0.026562 0.020313
0 0.867969 0.318750 0.029687 0.040625
0 0.870313 0.341406 0.037500 0.032813
0 0.873437 0.364844 0.021875 0.048438
0 0.899219 0.371875 0.032813 0.025000
0 0.902344 0.358594 0.032813 0.026562
0 0.907813 0.337500 0.040625 0.025000
0 0.936719 0.328125 0.057813 0.034375
0 0.960938 0.371875 0.021875 0.046875
0 0.939844 0.373437 0.017188 0.046875
0 0.914844 0.400781 0.039062 0.023438
0 0.890625 0.407031 0.040625 0.032813
0 0.898438 0.440625 0.031250 0.037500
0 0.864844 0.426563 0.045312 0.025000
0 0.903906 0.229687 0.020313 0.040625
0 0.900000 0.259375 0.046875 0.021875
0 0.718750 0.164062 0.021875 0.012500
0 0.849219 0.109375 0.054688 0.031250
0 0.833594 0.142969 0.032813 0.035937
0 0.649219 0.123438 0.035937 0.043750
0 0.627344 0.108594 0.048438 0.017188
0 0.712500 0.208594 0.031250 0.039062
0 0.724219 0.253125 0.029687 0.046875
0 0.537500 0.178906 0.040625 0.029687
0 0.550781 0.211719 0.023438 0.042188
0 0.548438 0.091406 0.028125 0.035937
0 0.542969 0.130469 0.017188 0.048438
0 0.558594 0.126562 0.017188 0.046875
0 0.628125 0.267188 0.043750 0.037500
0 0.613281 0.303125 0.014063 0.050000
0 0.581250 0.278125 0.021875 0.046875
0 0.032031 0.289062 0.020313 0.050000
0 0.040625 0.327344 0.018750 0.042188
0 0.054688 0.303125 0.037500 0.040625
0 0.076563 0.285938 0.021875 0.040625
0 0.096875 0.297656 0.034375 0.042188
0 0.144531 0.257812 0.045312 0.040625
0 0.175781 0.250000 0.039062 0.031250
0 0.271875 0.014063 0.018750 0.028125
0 0.259375 0.028125 0.031250 0.043750
0 0.224219 0.024219 0.023438 0.048438
0 0.190625 0.007031 0.040625 0.014063
0 0.163281 0.022656 0.026562 0.045312
0 0.128906 0.003906 0.020313 0.007812
0 0.197656 0.039062 0.032813 0.034375
0 0.171094 0.067187 0.035937 0.025000
0 0.162500 0.089063 0.043750 0.018750
0 0.133594 0.114844 0.029687 0.029687
0 0.137500 0.130469 0.046875 0.029687
0 0.168750 0.108594 0.046875 0.020313
0 0.141406 0.161719 0.042188 0.023438
0 0.257812 0.213281 0.018750 0.035937
0 0.242969 0.190625 0.039062 0.031250
0 0.261719 0.157812 0.032813 0.040625
0 0.162500 0.157812 0.025000 0.046875
0 0.178125 0.131250 0.034375 0.037500
0 0.188281 0.158594 0.039062 0.032813
0 0.217188 0.145313 0.028125 0.031250
0 0.207813 0.124219 0.015625 0.045312
0 0.197656 0.082812 0.026562 0.040625
0 0.213281 0.075781 0.026562 0.042188
0 0.225000 0.064062 0.018750 0.040625
0 0.240625 0.098437 0.028125 0.043750
0 0.249219 0.137500 0.032813 0.043750
0 0.281250 0.098437 0.015625 0.050000
0 0.267969 0.100000 0.010937 0.043750
0 0.259375 0.100781 0.012500 0.042188
0 0.253125 0.064844 0.037500 0.029687
0 0.257812 0.075000 0.034375 0.025000
0 0.188281 0.375000 0.048438 0.021875
0 0.192969 0.344531 0.032813 0.048438
0 0.135937 0.348438 0.021875 0.043750
0 0.145313 0.311719 0.031250 0.042188
0 0.225781 0.309375 0.048438 0.018750
0 0.186719 0.296875 0.045312 0.031250
0 0.181250 0.309375 0.043750 0.018750
0 0.185156 0.332813 0.035937 0.031250
0 0.119531 0.484375 0.029687 0.043750
0 0.101562 0.496094 0.037500 0.020313
0 0.073438 0.489063 0.031250 0.046875
0 0.052344 0.500000 0.039062 0.015625
0 0.050781 0.528906 0.039062 0.045312
0 0.058594 0.446875 0.032813 0.043750
0 0.017188 0.416406 0.034375 0.020313
0 0.019531 0.426563 0.039062 0.018750
0 0.038281 0.452344 0.017188 0.048438
0 0.267969 0.632812 0.042188 0.021875
0 0.279687 0.646875 0.031250 0.034375
0 0.247656 0.675000 0.048438 0.025000
0 0.235937 0.651563 0.009375 0.021875
0 0.225000 0.639844 0.025000 0.045312
0 0.198437 0.648438 0.028125 0.034375
0 0.174219 0.579688 0.032813 0.040625
0 0.193750 0.571875 0.040625 0.031250
0 0.203125 0.608594 0.028125 0.042188
0 0.172656 0.605469 0.054688 0.029687
0 0.166406 0.655469 0.020313 0.010937
0 0.136719 0.578906 0.010937 0.023438
0 0.185938 0.709375 0.040625 0.025000
0 0.219531 0.703906 0.032813 0.029687
0 0.231250 0.719531 0.012500 0.039062
0 0.211719 0.741406 0.045312 0.023438
0 0.183594 0.742969 0.023438 0.042188
0 0.267188 0.733594 0.037500 0.017188
0 0.242188 0.743750 0.028125 0.043750
0 0.238281 0.771094 0.042188 0.029687
0 0.230469 0.800000 0.029687 0.040625
0 0.261719 0.806250 0.029687 0.040625
0 0.190625 0.807031 0.018750 0.051562
0 0.168750 0.796094 0.018750 0.048438
0 0.134375 0.775781 0.062500 0.020313
0 0.105469 0.748437 0.039062 0.034375
0 0.100781 0.721094 0.054688 0.014063
0 0.058594 0.721875 0.039062 0.028125
0 0.037500 0.713281 0.012500 0.026562
0 0.089844 0.702344 0.045312 0.014063
0 0.078906 0.688281 0.042188 0.017188
0 0.037500 0.689063 0.050000 0.021875
0 0.039062 0.657813 0.025000 0.034375
0 0.035937 0.665625 0.053125 0.012500
0 0.055469 0.751563 0.048438 0.018750
0 0.020313 0.750781 0.040625 0.026562
0 0.014844 0.726562 0.029687 0.025000
0 0.019531 0.772656 0.026562 0.026562
0 0.016406 0.783594 0.032813 0.029687
0 0.012500 0.800000 0.025000 0.021875
0 0.106250 0.646875 0.025000 0.050000
0 0.097656 0.625000 0.032813 0.037500
0 0.071875 0.630469 0.037500 0.020313
0 0.610156 0.516406 0.048438 0.026562
0 0.598437 0.534375 0.056250 0.018750
0 0.566406 0.521875 0.029687 0.043750
0 0.560156 0.491406 0.048438 0.020313
0 0.528125 0.489844 0.037500 0.029687
0 0.542969 0.516406 0.023438 0.029687
0 0.567187 0.284375 0.012500 0.037500
0 0.577344 0.311719 0.048438 0.020313
0 0.593750 0.334375 0.037500 0.028125
0 0.531250 0.319531 0.028125 0.048438
0 0.555469 0.335156 0.023438 0.051562
0 0.572656 0.346094 0.017188 0.029687
0 0.530469 0.367188 0.035937 0.028125
0 0.568750 0.378125 0.037500 0.025000
0 0.535937 0.412500 0.018750 0.046875
0 0.561719 0.396875 0.051562 0.025000
0 0.552344 0.421094 0.017188 0.039062
0 0.568750 0.435937 0.028125 0.053125
0 0.603125 0.392188 0.028125 0.059375
0 0.806250 0.635156 0.034375 0.039062
0 0.774219 0.648438 0.026562 0.046875
0 0.751563 0.662500 0.021875 0.043750
0 0.799219 0.667969 0.026562 0.035937
0 0.797656 0.666406 0.048438 0.026562
0 0.798438 0.707812 0.028125 0.050000
0 0.834375 0.728906 0.040625 0.026562
0 0.896094 0.664062 0.035937 0.037500
0 0.897656 0.684375 0.032813 0.025000
0 0.914844 0.689844 0.029687 0.045312
0 0.906250 0.716406 0.025000 0.042188
0 0.920312 0.747656 0.025000 0.042188
0 0.814844 0.757031 0.048438 0.017188
0 0.784375 0.735938 0.031250 0.037500
0 0.779687 0.837500 0.025000 0.040625
0 0.797656 0.812500 0.035937 0.034375
0 0.799219 0.777344 0.054688 0.023438
0 0.772656 0.763281 0.035937 0.029687
0 0.734375 0.762500 0.034375 0.043750
0 0.749219 0.779687 0.035937 0.018750
0 0.784375 0.795312 0.037500 0.018750
0 0.762500 0.815625 0.015625 0.050000
0 0.751563 0.814063 0.018750 0.043750
0 0.735938 0.800781 0.021875 0.035937
0 0.719531 0.824219 0.039062 0.032813
0 0.700000 0.795312 0.037500 0.031250
0 0.684375 0.802344 0.021875 0.045312
0 0.668750 0.807813 0.015625 0.043750
0 0.670312 0.775000 0.037500 0.034375
0 0.990625 0.039844 0.012500 0.017188
0 0.971094 0.047656 0.032813 0.045312
0 0.947656 0.048438 0.032813 0.050000
0 0.909375 0.005469 0.028125 0.010937
0 0.612500 0.014844 0.050000 0.023438
0 0.610156 0.025781 0.039062 0.010937
0 0.548438 0.035156 0.034375 0.048438
0 0.577344 0.050781 0.051562 0.026562
0 0.537500 0.009375 0.015625 0.018750
0 0.019531 0.884375 0.039062 0.018750
0 0.047656 0.875781 0.029687 0.045312
0 0.074219 0.885938 0.045312 0.018750
0 0.032031 0.918750 0.023438 0.043750
0 0.050000 0.952344 0.028125 0.042188
0 0.069531 0.984375 0.026562 0.028125
0 0.095312 0.965625 0.050000 0.015625
0 0.078125 0.911719 0.034375 0.035937
0 0.119531 0.892969 0.042188 0.035937
0 0.101562 0.928125 0.031250 0.034375
0 0.114844 0.949219 0.039062 0.026562
0 0.127344 0.927344 0.017188 0.051562
0 0.161719 0.903906 0.026562 0.035937
0 0.157812 0.916406 0.046875 0.029687
0 0.178906 0.937500 0.045312 0.018750
0 0.200000 0.914844 0.028125 0.035937
0 0.213281 0.946875 0.045312 0.021875
0 0.164844 0.970313 0.026562 0.050000
0 0.221875 0.978906 0.025000 0.035937
0 0.197656 0.980469 0.023438 0.035937
0 0.234375 0.846875 0.031250 0.034375
0 0.207031 0.859375 0.023438 0.053125
0 0.236719 0.868750 0.029687 0.018750
0 0.261719 0.856250 0.032813 0.037500
0 0.235156 0.892188 0.026562 0.034375
0 0.250781 0.892188 0.026562 0.040625
0 0.268750 0.911719 0.021875 0.045312
0 0.283594 0.900781 0.026562 0.045312
0 0.305469 0.923438 0.023438 0.056250
0 0.300781 0.961719 0.032813 0.029687
0 0.278125 0.951562 0.031250 0.015625
0 0.295312 0.939063 0.025000 0.025000
0 0.301563 0.978125 0.021875 0.015625
0 0.992188 0.456250 0.012500 0.034375
0 0.957812 0.991406 0.012500 0.014063