0 0.127344 0.072656 0.039062 0.026562
0 0.107813 0.731250 0.021875 0.037500
0 0.579688 0.702344 0.021875 0.045312
0 0.308594 0.783594 0.035937 0.035937
0 0.016406 0.853906 0.032813 0.035937
0 0.473438 0.985938 0.040625 0.028125
0 0.554688 0.033594 0.037500 0.042188
0 0.320312 0.759375 0.025000 0.040625
0 0.275781 0.809375 0.042188 0.031250
0 0.314063 0.382031 0.037500 0.039062
0 0.089063 0.888281 0.031250 0.032813
0 0.294531 0.343750 0.035937 0.034375
0 0.381250 0.226562 0.018750 0.046875
0 0.236719 0.148438 0.039062 0.031250
0 0.287500 0.835938 0.043750 0.034375
0 0.321875 0.475781 0.034375 0.032813
0 0.578906 0.459375 0.029687 0.034375
0 0.508594 0.466406 0.035937 0.032813
0 0.378125 0.539062 0.034375 0.034375
0 0.124219 0.112500 0.042188 0.025000
0 0.430469 0.593750 0.042188 0.018750
0 0.060937 0.075781 0.043750 0.023438
0 0.256250 0.869531 0.050000 0.026562
0 0.969531 0.343750 0.032813 0.037500
0 0.629687 0.673438 0.021875 0.046875
0 0.333594 0.068750 0.045312 0.021875
0 0.385156 0.775781 0.042188 0.029687
0 0.155469 0.659375 0.039062 0.021875
0 0.249219 0.233594 0.039062 0.023438
0 0.946875 0.169531 0.028125 0.051562
0 0.164062 0.152344 0.015625 0.042188
0 0.947656 0.691406 0.032813 0.035937
0 0.448437 0.371094 0.034375 0.035937
0 0.613281 0.075000 0.042188 0.031250
0 0.509375 0.834375 0.028125 0.040625
0 0.239844 0.409375 0.042188 0.025000
0 0.403125 0.737500 0.034375 0.046875
0 0.431250 0.525781 0.040625 0.032813
0 0.101562 0.483594 0.037500 0.029687
0 0.606250 0.925781 0.031250 0.039062
0 0.342187 0.974219 0.021875 0.035937
0 0.978125 0.709375 0.021875 0.043750
0 0.493750 0.713281 0.040625 0.017188
0 0.088281 0.274219 0.029687 0.048438
0 0.522656 0.508594 0.026562 0.045312
0 0.117188 0.765625 0.040625 0.021875
0 0.296094 0.440625 0.042188 0.034375
0 0.145313 0.865625 0.046875 0.025000
0 0.094531 0.799219 0.035937 0.045312
0 0.400781 0.496875 0.048438 0.021875
0 0.475781 0.813281 0.020313 0.051562
0 0.550781 0.632031 0.048438 0.020313
0 0.431250 0.874219 0.018750 0.045312
0 0.510156 0.608594 0.042188 0.029687
0 0.083594 0.514844 0.029687 0.035937
0 0.196875 0.154688 0.025000 0.050000
0 0.470313 0.014844 0.028125 0.029687
0 0.397656 0.960938 0.039062 0.028125
0 0.546094 0.396094 0.042188 0.035937
0 0.428906 0.810156 0.042188 0.029687
0 0.966406 0.807031 0.042188 0.039062
0 0.350781 0.319531 0.042188 0.029687
0 0.427344 0.416406 0.020313 0.042188
0 0.554688 0.195312 0.043750 0.034375
0 0.225781 0.460156 0.039062 0.029687
0 0.397656 0.928125 0.039062 0.031250
0 0.254688 0.724219 0.040625 0.026562
0 0.575781 0.102344 0.023438 0.048438
0 0.473438 0.735938 0.046875 0.021875
0 0.320312 0.303125 0.053125 0.021875
0 0.981250 0.209375 0.018750 0.043750
0 0.196094 0.432031 0.035937 0.032813
0 0.962500 0.546094 0.043750 0.020313
0 0.295312 0.175000 0.021875 0.046875
0 0.238281 0.330469 0.020313 0.045312
0 0.913281 0.122656 0.029687 0.035937
0 0.564063 0.521094 0.050000 0.023438
0 0.514062 0.553125 0.037500 0.028125
0 0.159375 0.707812 0.040625 0.018750
0 0.406250 0.900000 0.037500 0.046875
0 0.468750 0.602344 0.037500 0.029687
0 0.621875 0.270313 0.021875 0.046875
0 0.289844 0.911719 0.026562 0.035937
0 0.228906 0.497656 0.048438 0.023438
0 0.364063 0.350781 0.021875 0.045312
0 0.439063 0.207031 0.046875 0.020313
0 0.509375 0.253906 0.046875 0.020313
0 0.928125 0.525000 0.028125 0.037500
0 0.249219 0.085938 0.023438 0.046875
0 0.442969 0.749219 0.029687 0.045312
0 0.395313 0.864844 0.043750 0.023438
0 0.460156 0.884375 0.023438 0.046875
0 0.115625 0.986719 0.021875 0.026562
0 0.218750 0.646875 0.037500 0.046875
0 0.195312 0.343750 0.040625 0.056250
0 0.466406 0.568750 0.032813 0.040625
0 0.207813 0.823438 0.025000 0.043750
0 0.315625 0.863281 0.037500 0.023438
0 0.547656 0.265625 0.023438 0.040625
0 0.922656 0.908594 0.020313 0.042188
0 0.486719 0.863281 0.045312 0.023438
0 0.639062 0.949219 0.025000 0.045312
0 0.275781 0.215625 0.032813 0.037500
0 0.594531 0.236719 0.026562 0.042188
0 0.952344 0.513281 0.020313 0.048438
0 0.310937 0.629687 0.043750 0.025000
0 0.234375 0.683594 0.046875 0.020313
0 0.580469 0.407813 0.020313 0.053125
0 0.910937 0.013281 0.037500 0.026562
0 0.964844 0.584375 0.042188 0.031250
0 0.107031 0.243750 0.032813 0.037500
0 0.989844 0.029687 0.017188 0.046875
0 0.326562 0.280469 0.046875 0.017188
0 0.257031 0.435156 0.035937 0.032813
0 0.624219 0.168750 0.017188 0.043750
0 0.416406 0.971875 0.035937 0.031250
0 0.463281 0.225781 0.035937 0.023438
0 0.425781 0.017188 0.032813 0.034375
0 0.976562 0.867969 0.025000 0.039062
0 0.476562 0.498437 0.046875 0.028125
0 0.566406 0.843750 0.032813 0.034375
0 0.965625 0.247656 0.025000 0.054688
0 0.978906 0.764062 0.039062 0.021875
0 0.592187 0.587500 0.028125 0.043750
0 0.524219 0.211719 0.026562 0.045312
0 0.134375 0.012500 0.037500 0.025000
0 0.239844 0.603906 0.017188 0.045312
0 0.357812 0.621094 0.021875 0.048438
0 0.569531 0.331250 0.032813 0.025000
0 0.533594 0.310156 0.048438 0.029687
0 0.161719 0.966406 0.020313 0.051562
0 0.156250 0.823438 0.034375 0.021875
0 0.588281 0.553125 0.045312 0.018750
0 0.904687 0.187500 0.037500 0.025000
0 0.251563 0.921875 0.037500 0.021875
0 0.057813 0.822656 0.046875 0.029687
0 0.289844 0.138281 0.045312 0.023438
0 0.931250 0.214844 0.025000 0.048438
0 0.566406 0.230469 0.020313 0.045312
0 0.604688 0.964063 0.021875 0.034375
0 0.372656 0.888281 0.020313 0.035937
0 0.940625 0.986719 0.021875 0.026562
0 0.364844 0.848437 0.017188 0.037500
0 0.325781 0.661719 0.032813 0.039062
0 0.625000 0.375000 0.043750 0.021875
0 0.125000 0.563281 0.018750 0.048438
0 0.349219 0.114844 0.020313 0.045312
0 0.988281 0.589063 0.023438 0.025000
0 0.563281 0.358594 0.023438 0.035937
0 0.993750 0.070312 0.012500 0.021875
0 0.906250 0.705469 0.037500 0.032813
0 0.343750 0.860938 0.040625 0.034375
0 0.642969 0.863281 0.023438 0.048438
0 0.608594 0.837500 0.035937 0.031250
0 0.586719 0.192969 0.020313 0.045312
0 0.174219 0.755469 0.045312 0.026562
0 0.505469 0.226562 0.020313 0.034375
0 0.006250 0.161719 0.012500 0.023438
0 0.246875 0.898438 0.043750 0.021875
0 0.216406 0.711719 0.042188 0.020313
0 0.913281 0.864844 0.020313 0.045312
0 0.311719 0.911719 0.020313 0.048438
0 0.944531 0.564844 0.035937 0.029687
0 0.605469 0.509375 0.020313 0.012500
0 0.007812 0.680469 0.015625 0.045312
0 0.493750 0.894531 0.025000 0.042188
0 0.542969 0.850000 0.045312 0.034375
0 0.467187 0.188281 0.015625 0.017188
0 0.914844 0.577344 0.020313 0.048438
0 0.932813 0.824219 0.021875 0.048438
0 0.197656 0.475000 0.026562 0.037500
0 0.470313 0.521875 0.040625 0.021875
0 0.546875 0.916406 0.031250 0.035937
0 0.424219 0.775000 0.032813 0.050000
0 0.567969 0.286719 0.017188 0.045312
0 0.935937 0.077344 0.021875 0.048438
0 0.911719 0.668750 0.026562 0.040625
0 0.641406 0.435156 0.032813 0.032813
0 0.217969 0.978125 0.042188 0.025000
0 0.589063 0.313281 0.018750 0.042188
0 0.494531 0.540625 0.017188 0.034375
0 0.308594 0.104688 0.029687 0.040625
0 0.616406 0.545312 0.017188 0.043750
0 0.460938 0.245312 0.043750 0.018750
0 0.207813 0.007812 0.046875 0.015625
0 0.517969 0.373437 0.023438 0.031250
0 0.632031 0.568750 0.020313 0.040625
0 0.953125 0.835938 0.021875 0.043750
0 0.950000 0.368750 0.037500 0.018750
0 0.517969 0.900000 0.032813 0.025000
0 0.917969 0.771875 0.023438 0.043750
0 0.439063 0.550000 0.043750 0.028125
0 0.250781 0.039844 0.023438 0.039062
0 0.625000 0.211719 0.018750 0.045312
0 0.961719 0.400000 0.023438 0.046875
0 0.343750 0.553906 0.043750 0.020313
0 0.521094 0.349219 0.045312 0.023438
0 0.603906 0.353125 0.032813 0.034375
0 0.055469 0.974219 0.020313 0.035937
0 0.122656 0.886719 0.026562 0.017188
0 0.938281 0.599219 0.023438 0.039062
0 0.043750 0.840625 0.018750 0.037500
0 0.212500 0.361719 0.018750 0.045312
0 0.453906 0.421875 0.023438 0.050000
0 0.042188 0.943750 0.034375 0.025000
0 0.635156 0.332031 0.017188 0.042188
0 0.515625 0.578906 0.025000 0.032813
0 0.497656 0.360156 0.026562 0.017188
0 0.502344 0.320312 0.023438 0.040625
0 0.942969 0.760156 0.029687 0.045312
0 0.924219 0.398438 0.054688 0.037500
0 0.203906 0.903906 0.017188 0.039062
0 0.913281 0.237500 0.035937 0.050000
0 0.321094 0.135937 0.032813 0.034375
0 0.119531 0.796875 0.020313 0.043750
0 0.174219 0.446875 0.032813 0.015625
0 0.925000 0.309375 0.028125 0.050000
0 0.147656 0.794531 0.035937 0.020313
0 0.545312 0.332813 0.018750 0.031250
0 0.574219 0.982031 0.045312 0.020313
0 0.179688 0.838281 0.018750 0.042188
0 0.179688 0.925781 0.018750 0.045312
0 0.903906 0.828125 0.032813 0.043750
0 0.372656 0.992969 0.042188 0.014063
0 0.225000 0.757812 0.046875 0.037500
0 0.258594 0.989062 0.035937 0.018750
0 0.142187 0.995313 0.037500 0.009375
0 0.635156 0.470313 0.017188 0.034375
0 0.614062 0.317188 0.018750 0.037500
0 0.627344 0.802344 0.020313 0.039062
0 0.024219 0.594531 0.020313 0.035937
0 0.465625 0.481250 0.021875 0.018750
0 0.525781 0.933594 0.035937 0.017188
0 0.620313 0.407031 0.028125 0.023438
0 0.993750 0.556250 0.012500 0.028125
0 0.186719 0.957031 0.020313 0.035937
0 0.554688 0.554688 0.040625 0.028125
0 0.199219 0.728906 0.039062 0.035937
0 0.929688 0.381250 0.015625 0.031250
0 0.182031 0.733594 0.020313 0.029687
0 0.563281 0.582812 0.023438 0.025000
0 0.239844 0.017969 0.017188 0.032813
0 0.182812 0.781250 0.046875 0.025000
0 0.228125 0.575000 0.031250 0.050000
0 0.039844 0.576562 0.023438 0.043750
0 0.598437 0.392969 0.018750 0.048438
0 0.003125 0.654687 0.006250 0.028125
0 0.910156 0.346094 0.026562 0.035937
0 0.638281 0.508594 0.020313 0.039062
0 0.648438 0.541406 0.015625 0.048438
0 0.335938 0.635156 0.021875 0.051562
0 0.216406 0.928125 0.026562 0.043750
0 0.230469 0.943750 0.023438 0.031250
0 0.417969 0.985938 0.020313 0.025000
0 0.538281 0.955469 0.045312 0.020313
0 0.569531 0.950000 0.029687 0.018750