0 0.110156 0.992969 0.017188 0.014063
0 0.457813 0.988281 0.040625 0.023438
0 0.090625 0.975781 0.053125 0.032813
0 0.495312 0.969531 0.031250 0.039062
0 0.378906 0.953125 0.042188 0.025000
0 0.053906 0.941406 0.023438 0.045312
0 0.197656 0.910937 0.039062 0.037500
0 0.559375 0.896875 0.046875 0.028125
0 0.696875 0.886719 0.025000 0.042188
0 0.187500 0.845313 0.037500 0.037500
0 0.901563 0.839063 0.071875 0.028125
0 0.754687 0.842187 0.018750 0.040625
0 0.640625 0.831250 0.015625 0.018750
0 0.715625 0.824219 0.021875 0.045312
0 0.932031 0.816406 0.029687 0.032813
0 0.196094 0.810937 0.048438 0.028125
0 0.497656 0.810156 0.023438 0.045312
0 0.271875 0.771875 0.040625 0.037500
0 0.651563 0.767188 0.037500 0.034375
0 0.717969 0.767188 0.045312 0.037500
0 0.391406 0.765625 0.023438 0.046875
0 0.229687 0.761719 0.021875 0.042188
0 0.360156 0.740625 0.048438 0.021875
0 0.160938 0.747656 0.031250 0.035937
0 0.537500 0.738281 0.025000 0.035937
0 0.916406 0.725781 0.045312 0.026562
0 0.995313 0.721875 0.009375 0.043750
0 0.221875 0.661719 0.043750 0.032813
0 0.135937 0.661719 0.021875 0.045312
0 0.506250 0.653125 0.025000 0.043750
0 0.985938 0.640625 0.028125 0.034375
0 0.642188 0.636719 0.040625 0.026562
0 0.392969 0.625000 0.039062 0.028125
0 0.534375 0.628906 0.028125 0.039062
0 0.588281 0.620313 0.035937 0.040625
0 0.543750 0.606250 0.037500 0.028125
0 0.978125 0.601562 0.043750 0.021875
0 0.932031 0.557813 0.020313 0.040625
0 0.382812 0.525000 0.040625 0.021875
0 0.419531 0.488281 0.039062 0.032813
0 0.850781 0.480469 0.035937 0.020313
0 0.538281 0.485156 0.023438 0.042188
0 0.241406 0.483594 0.032813 0.039062
0 0.634375 0.464844 0.043750 0.023438
0 0.339062 0.445312 0.018750 0.046875
0 0.977344 0.427344 0.026562 0.014063
0 0.651563 0.428906 0.050000 0.023438
0 0.264062 0.417969 0.025000 0.042188
0 0.807031 0.401562 0.035937 0.037500
0 0.547656 0.376563 0.051562 0.025000
0 0.374219 0.366406 0.042188 0.017188
0 0.175000 0.353125 0.031250 0.040625
0 0.634375 0.340625 0.031250 0.018750
0 0.219531 0.357031 0.026562 0.051562
0 0.813281 0.341406 0.042188 0.023438
0 0.982812 0.334375 0.034375 0.031250
0 0.359375 0.300000 0.028125 0.043750
0 0.890625 0.286719 0.034375 0.035937
0 0.847656 0.276562 0.045312 0.021875
0 0.975781 0.279687 0.026562 0.043750
0 0.985938 0.211719 0.025000 0.048438
0 0.550000 0.203906 0.025000 0.042188
0 0.934375 0.196094 0.025000 0.042188
0 0.267188 0.177344 0.034375 0.039062
0 0.331250 0.172656 0.021875 0.048438
0 0.648438 0.164062 0.018750 0.046875
0 0.242969 0.139844 0.026562 0.035937
0 0.305469 0.118750 0.048438 0.021875
0 0.984375 0.122656 0.031250 0.032813
0 0.447656 0.093750 0.029687 0.037500
0 0.264844 0.079687 0.042188 0.028125
0 0.571875 0.083594 0.034375 0.042188
0 0.467969 0.058594 0.045312 0.020313
0 0.978906 0.057031 0.042188 0.020313
0 0.807813 0.041406 0.031250 0.042188
0 0.735156 0.036719 0.042188 0.035937
0 0.441406 0.034375 0.029687 0.037500
0 0.319531 0.007812 0.023438 0.015625
0 0.280469 0.016406 0.029687 0.032813
0 0.220312 0.013281 0.040625 0.026562
0 0.160938 0.016406 0.034375 0.032813
0 0.114062 0.008594 0.043750 0.020313
0 0.135156 0.030469 0.042188 0.026562
0 0.114844 0.046094 0.045312 0.035937
0 0.103906 0.090625 0.039062 0.025000
0 0.115625 0.109375 0.018750 0.034375
0 0.135937 0.136719 0.028125 0.032813
0 0.137500 0.089844 0.018750 0.039062
0 0.157031 0.094531 0.020313 0.045312
0 0.155469 0.127344 0.032813 0.020313
0 0.196875 0.146094 0.046875 0.020313
0 0.125781 0.172656 0.026562 0.039062
0 0.122656 0.211719 0.029687 0.035937
0 0.135937 0.244531 0.031250 0.048438
0 0.143750 0.253125 0.043750 0.031250
0 0.101562 0.255469 0.021875 0.045312
0 0.105469 0.289062 0.026562 0.037500
0 0.096875 0.327344 0.031250 0.035937
0 0.111719 0.339062 0.020313 0.043750
0 0.133594 0.314844 0.023438 0.045312
0 0.136719 0.342187 0.039062 0.031250
0 0.110937 0.441406 0.021875 0.042188
0 0.150000 0.403906 0.046875 0.020313
0 0.171875 0.424219 0.021875 0.026562
0 0.199219 0.421875 0.032813 0.046875
0 0.216406 0.469531 0.035937 0.029687
0 0.257812 0.510156 0.043750 0.023438
0 0.305469 0.492188 0.042188 0.031250
0 0.276562 0.368750 0.018750 0.034375
0 0.261719 0.321875 0.032813 0.040625
0 0.289844 0.331250 0.020313 0.043750
0 0.317188 0.381250 0.053125 0.018750
0 0.332813 0.405469 0.040625 0.020313
0 0.371875 0.432812 0.034375 0.031250
0 0.378125 0.460156 0.040625 0.026562
0 0.383594 0.400781 0.032813 0.032813
0 0.384375 0.310937 0.018750 0.046875
0 0.403906 0.329688 0.023438 0.046875
0 0.350000 0.187500 0.025000 0.053125
0 0.373437 0.198437 0.021875 0.050000
0 0.407813 0.161719 0.034375 0.023438
0 0.483594 0.192188 0.032813 0.031250
0 0.506250 0.164844 0.021875 0.045312
0 0.527344 0.167969 0.026562 0.042188
0 0.505469 0.121875 0.051562 0.034375
0 0.477344 0.132812 0.042188 0.021875
0 0.460156 0.150000 0.029687 0.018750
0 0.482812 0.158594 0.015625 0.029687
0 0.463281 0.166406 0.032813 0.026562
0 0.567969 0.258594 0.020313 0.042188
0 0.585156 0.280469 0.020313 0.045312
0 0.567969 0.322656 0.035937 0.039062
0 0.632812 0.225781 0.028125 0.039062
0 0.625781 0.187500 0.032813 0.037500
0 0.677344 0.251563 0.035937 0.034375
0 0.674219 0.277344 0.048438 0.017188
0 0.671094 0.310937 0.023438 0.043750
0 0.645312 0.354687 0.034375 0.015625
0 0.658594 0.363281 0.035937 0.032813
0 0.741406 0.228125 0.020313 0.043750
0 0.753906 0.252344 0.035937 0.039062
0 0.761719 0.275000 0.039062 0.025000
0 0.835156 0.239063 0.051562 0.018750
0 0.874219 0.252344 0.032813 0.026562
0 0.885938 0.223438 0.021875 0.037500
0 0.905469 0.232031 0.029687 0.032813
0 0.950000 0.157812 0.034375 0.034375
0 0.952344 0.139063 0.020313 0.050000
0 0.974219 0.167969 0.035937 0.023438
0 0.695312 0.084375 0.018750 0.040625
0 0.682031 0.060156 0.032813 0.035937
0 0.663281 0.053906 0.026562 0.048438
0 0.528125 0.013281 0.015625 0.023438
0 0.503125 0.383594 0.034375 0.032813
0 0.532031 0.401562 0.045312 0.021875
0 0.442969 0.410938 0.026562 0.037500
0 0.478906 0.410156 0.039062 0.029687
0 0.478125 0.439844 0.018750 0.042188
0 0.501563 0.459375 0.028125 0.021875
0 0.442969 0.461719 0.023438 0.051562
0 0.473438 0.482812 0.037500 0.021875
0 0.506250 0.503906 0.040625 0.023438
0 0.478906 0.518750 0.014063 0.050000
0 0.453125 0.525000 0.028125 0.031250
0 0.433594 0.521875 0.039062 0.025000
0 0.568750 0.481250 0.040625 0.031250
0 0.603906 0.503125 0.045312 0.028125
0 0.560156 0.518750 0.017188 0.046875
0 0.597656 0.526563 0.042188 0.031250
0 0.650000 0.517969 0.037500 0.026562
0 0.681250 0.506250 0.021875 0.034375
0 0.698438 0.505469 0.018750 0.042188
0 0.698438 0.466406 0.031250 0.032813
0 0.691406 0.429688 0.035937 0.031250
0 0.704688 0.447656 0.031250 0.020313
0 0.728125 0.432812 0.021875 0.043750
0 0.717187 0.492188 0.025000 0.031250
0 0.738281 0.488281 0.014063 0.045312
0 0.747656 0.489063 0.017188 0.043750
0 0.760938 0.453906 0.043750 0.017188
0 0.760938 0.468750 0.040625 0.015625
0 0.772656 0.507812 0.017188 0.040625
0 0.719531 0.525000 0.039062 0.025000
0 0.662500 0.546875 0.028125 0.025000
0 0.659375 0.561719 0.040625 0.020313
0 0.693750 0.554688 0.034375 0.028125
0 0.725781 0.564844 0.045312 0.020313
0 0.767969 0.573438 0.032813 0.028125
0 0.733594 0.544531 0.045312 0.017188
0 0.757812 0.544531 0.040625 0.029687
0 0.806250 0.535156 0.040625 0.017188
0 0.804688 0.522656 0.046875 0.020313
0 0.842969 0.529687 0.023438 0.043750
0 0.808594 0.496094 0.039062 0.029687
0 0.815625 0.467969 0.028125 0.032813
0 0.831250 0.444531 0.040625 0.035937
0 0.871875 0.430469 0.040625 0.020313
0 0.876563 0.405469 0.037500 0.032813
0 0.854688 0.350000 0.025000 0.046875
0 0.881250 0.365625 0.021875 0.043750
0 0.908594 0.371094 0.023438 0.051562
0 0.910156 0.409375 0.020313 0.031250
0 0.916406 0.431250 0.032813 0.031250
0 0.918750 0.465625 0.037500 0.040625
0 0.946875 0.384375 0.021875 0.043750
0 0.978906 0.380469 0.039062 0.020313
0 0.981250 0.403125 0.034375 0.025000
0 0.982812 0.358594 0.031250 0.026562
0 0.172656 0.589063 0.010937 0.043750
0 0.184375 0.585938 0.012500 0.043750
0 0.201563 0.584375 0.015625 0.012500
0 0.218750 0.601562 0.028125 0.025000
0 0.235156 0.634375 0.032813 0.031250
0 0.260156 0.650781 0.020313 0.045312
0 0.285938 0.642969 0.021875 0.045312
0 0.228125 0.701562 0.015625 0.015625
0 0.252344 0.693750 0.017188 0.015625
0 0.282813 0.692187 0.037500 0.028125
0 0.308594 0.696094 0.035937 0.029687
0 0.244531 0.572656 0.048438 0.020313
0 0.264844 0.594531 0.029687 0.023438
0 0.254688 0.589844 0.031250 0.020313
0 0.269531 0.548438 0.035937 0.015625
0 0.292187 0.560937 0.021875 0.028125
0 0.310937 0.545312 0.031250 0.031250
0 0.257031 0.535937 0.017188 0.018750
0 0.291406 0.521094 0.042188 0.014063
0 0.338281 0.526563 0.020313 0.040625
0 0.344531 0.539844 0.023438 0.045312
0 0.359375 0.561719 0.046875 0.026562
0 0.350000 0.590625 0.034375 0.018750
0 0.344531 0.625781 0.042188 0.023438
0 0.320312 0.626563 0.025000 0.018750
0 0.300000 0.618750 0.034375 0.021875
0 0.308594 0.603906 0.023438 0.017188
0 0.285938 0.595313 0.031250 0.025000
0 0.323437 0.585156 0.015625 0.042188
0 0.353906 0.660937 0.020313 0.043750
0 0.338281 0.701562 0.023438 0.037500
0 0.187500 0.491406 0.031250 0.042188
0 0.190625 0.465625 0.040625 0.034375
0 0.201563 0.546875 0.043750 0.025000
0 0.176563 0.557813 0.040625 0.018750
0 0.296875 0.735938 0.046875 0.015625
0 0.322656 0.760938 0.017188 0.040625
0 0.463281 0.714063 0.054688 0.021875
0 0.471094 0.746875 0.026562 0.043750
0 0.451562 0.559375 0.043750 0.021875
0 0.420312 0.563281 0.021875 0.023438
0 0.427344 0.609375 0.026562 0.028125
0 0.408594 0.596875 0.017188 0.046875
0 0.448437 0.582812 0.050000 0.021875
0 0.471094 0.604688 0.048438 0.021875
0 0.043750 0.750000 0.018750 0.031250
0 0.083594 0.707812 0.042188 0.018750
0 0.076563 0.728906 0.028125 0.029687
0 0.060937 0.761719 0.031250 0.029687
0 0.067187 0.781250 0.018750 0.031250
0 0.085938 0.744531 0.012500 0.039062
0 0.107813 0.767969 0.012500 0.039062
0 0.116406 0.774219 0.017188 0.017188
0 0.134375 0.714844 0.018750 0.042188
0 0.132812 0.748437 0.021875 0.034375
0 0.141406 0.920312 0.039062 0.028125
0 0.117969 0.917969 0.023438 0.035937
0 0.094531 0.903906 0.023438 0.042188
0 0.093750 0.934375 0.037500 0.034375
0 0.197656 0.972656 0.057813 0.020313
0 0.236719 0.959375 0.039062 0.021875
0 0.211719 0.936719 0.032813 0.035937
0 0.245312 0.911719 0.028125 0.023438
0 0.239844 0.841406 0.026562 0.029687
0 0.280469 0.849219 0.039062 0.026562
0 0.273438 0.889844 0.031250 0.026562
0 0.231250 0.868750 0.037500 0.015625
0 0.246094 0.877344 0.032813 0.026562
0 0.384375 0.919531 0.034375 0.035937
0 0.336719 0.942187 0.039062 0.025000
0 0.305469 0.946875 0.029687 0.018750
0 0.311719 0.967969 0.048438 0.017188
0 0.347656 0.983594 0.032813 0.029687
0 0.393750 0.971875 0.031250 0.021875
0 0.415625 0.964063 0.040625 0.021875
0 0.426563 0.948438 0.043750 0.015625
0 0.407031 0.988281 0.020313 0.014063
0 0.757812 0.607812 0.012500 0.040625
0 0.732812 0.617969 0.040625 0.023438
0 0.683594 0.639844 0.020313 0.045312
0 0.710938 0.640625 0.034375 0.037500
0 0.794531 0.669531 0.026562 0.045312
0 0.785937 0.689063 0.021875 0.040625
0 0.582031 0.650781 0.026562 0.035937
0 0.572656 0.675781 0.045312 0.017188
0 0.585938 0.689063 0.043750 0.034375
0 0.571875 0.727344 0.025000 0.042188
0 0.617969 0.723437 0.045312 0.031250
0 0.628906 0.695312 0.039062 0.018750
0 0.626563 0.673438 0.021875 0.031250
0 0.662500 0.678125 0.043750 0.043750
0 0.730469 0.644531 0.023438 0.029687
0 0.733594 0.663281 0.035937 0.035937
0 0.621875 0.787500 0.025000 0.040625
0 0.583594 0.825781 0.042188 0.020313
0 0.610156 0.825000 0.023438 0.034375
0 0.738281 0.797656 0.023438 0.035937
0 0.760156 0.785156 0.032813 0.035937
0 0.790625 0.778125 0.043750 0.028125
0 0.803906 0.707812 0.039062 0.034375
0 0.827344 0.664844 0.048438 0.023438
0 0.830469 0.652344 0.057813 0.014063
0 0.827344 0.619531 0.026562 0.045312
0 0.861719 0.621094 0.045312 0.032813
0 0.953906 0.713281 0.029687 0.045312
0 0.972656 0.701562 0.029687 0.018750
0 0.978906 0.676562 0.032813 0.031250
0 0.649219 0.888281 0.045312 0.032813
0 0.664844 0.920312 0.029687 0.040625
0 0.585156 0.952344 0.048438 0.023438
0 0.587500 0.974219 0.043750 0.014063
0 0.552344 0.977344 0.029687 0.035937
0 0.830469 0.968750 0.023438 0.034375
0 0.820312 0.989844 0.037500 0.014063
0 0.876563 0.888281 0.037500 0.032813
0 0.910937 0.891406 0.040625 0.020313
0 0.920312 0.914062 0.028125 0.034375
0 0.933594 0.948438 0.017188 0.034375
0 0.917188 0.969531 0.040625 0.029687
0 0.960938 0.891406 0.028125 0.032813
0 0.984375 0.900781 0.018750 0.042188
0 0.732812 0.989844 0.015625 0.017188