0 0.075000 0.042188 0.037500 0.028125
0 0.146875 0.411719 0.040625 0.035937
0 0.168750 0.018750 0.043750 0.028125
0 0.305469 0.680469 0.039062 0.029687
0 0.955469 0.178906 0.048438 0.026562
0 0.378906 0.671875 0.035937 0.034375
0 0.846094 0.250000 0.039062 0.037500
0 0.128906 0.456250 0.032813 0.031250
0 0.337500 0.730469 0.040625 0.032813
0 0.088281 0.685937 0.032813 0.031250
0 0.721875 0.977344 0.025000 0.042188
0 0.738281 0.928125 0.039062 0.031250
0 0.921875 0.088281 0.040625 0.026562
0 0.325781 0.097656 0.045312 0.026562
0 0.153125 0.639844 0.034375 0.035937
0 0.782813 0.250781 0.046875 0.023438
0 0.246094 0.343750 0.017188 0.043750
0 0.051562 0.618750 0.046875 0.021875
0 0.778125 0.275000 0.043750 0.018750
0 0.959375 0.046875 0.040625 0.028125
0 0.849219 0.494531 0.039062 0.042188
0 0.167187 0.759375 0.043750 0.021875
0 0.839844 0.704688 0.023438 0.043750
0 0.142187 0.103125 0.018750 0.043750
0 0.023438 0.891406 0.046875 0.029687
0 0.752344 0.183594 0.051562 0.026562
0 0.264844 0.934375 0.045312 0.028125
0 0.061719 0.272656 0.039062 0.017188
0 0.785937 0.867188 0.043750 0.040625
0 0.852344 0.164062 0.029687 0.053125
0 0.214844 0.546094 0.029687 0.042188
0 0.895312 0.482812 0.046875 0.021875
0 0.037500 0.416406 0.021875 0.042188
0 0.942969 0.667188 0.029687 0.043750
0 0.924219 0.504687 0.042188 0.028125
0 0.961719 0.439844 0.023438 0.042188
0 0.285156 0.517969 0.039062 0.039062
0 0.256250 0.906250 0.040625 0.031250
0 0.826562 0.846875 0.034375 0.037500
0 0.321094 0.225781 0.035937 0.023438
0 0.842969 0.451562 0.032813 0.043750
0 0.826562 0.767188 0.037500 0.040625
0 0.941406 0.864844 0.042188 0.039062
0 0.722656 0.777344 0.023438 0.045312
0 0.926562 0.039844 0.021875 0.054688
0 0.785937 0.929688 0.043750 0.025000
0 0.103906 0.985938 0.039062 0.028125
0 0.296094 0.296875 0.051562 0.021875
0 0.859375 0.545312 0.043750 0.031250
0 0.217969 0.062500 0.026562 0.021875
0 0.886719 0.613281 0.026562 0.048438
0 0.890625 0.761719 0.043750 0.032813
0 0.755469 0.785937 0.026562 0.037500
0 0.798438 0.077344 0.043750 0.035937
0 0.155469 0.533594 0.042188 0.026562
0 0.352344 0.412500 0.048438 0.028125
0 0.770312 0.438281 0.034375 0.042188
0 0.200000 0.716406 0.028125 0.035937
0 0.962500 0.826562 0.040625 0.028125
0 0.959375 0.730469 0.043750 0.020313
0 0.358594 0.441406 0.026562 0.042188
0 0.035937 0.728125 0.018750 0.050000
0 0.853125 0.308594 0.037500 0.042188
0 0.710938 0.826562 0.021875 0.046875
0 0.900000 0.368750 0.028125 0.046875
0 0.398438 0.936719 0.018750 0.042188
0 0.904687 0.833594 0.018750 0.042188
0 0.943750 0.753906 0.043750 0.039062
0 0.299219 0.177344 0.045312 0.023438
0 0.926562 0.810156 0.018750 0.045312
0 0.160938 0.462500 0.018750 0.046875
0 0.174219 0.067187 0.042188 0.018750
0 0.028906 0.575000 0.035937 0.025000
0 0.249219 0.140625 0.039062 0.028125
0 0.321094 0.271875 0.039062 0.037500
0 0.168750 0.668750 0.043750 0.021875
0 0.057813 0.007031 0.031250 0.014063
0 0.801562 0.836719 0.040625 0.032813
0 0.973437 0.136719 0.028125 0.051562
0 0.154688 0.307031 0.040625 0.026562
0 0.210938 0.608594 0.037500 0.051562
0 0.346875 0.505469 0.031250 0.048438
0 0.323437 0.767969 0.046875 0.032813
0 0.124219 0.890625 0.023438 0.040625
0 0.978125 0.596094 0.028125 0.042188
0 0.386719 0.380469 0.032813 0.042188
0 0.028906 0.768750 0.026562 0.040625
0 0.964063 0.932031 0.037500 0.035937
0 0.788281 0.786719 0.035937 0.048438
0 0.423438 0.567187 0.028125 0.040625
0 0.415625 0.026562 0.025000 0.040625
0 0.057031 0.953125 0.032813 0.031250
0 0.325000 0.814844 0.043750 0.029687
0 0.805469 0.918750 0.042188 0.037500
0 0.304688 0.202344 0.046875 0.020313
0 0.366406 0.325000 0.026562 0.040625
0 0.012500 0.915625 0.025000 0.040625
0 0.250000 0.655469 0.046875 0.023438
0 0.941406 0.957031 0.032813 0.020313
0 0.846875 0.200000 0.043750 0.025000
0 0.958594 0.797656 0.032813 0.035937
0 0.393750 0.128906 0.028125 0.045312
0 0.402344 0.827344 0.020313 0.042188
0 0.132031 0.597656 0.035937 0.032813
0 0.725000 0.374219 0.046875 0.020313
0 0.875781 0.431250 0.042188 0.031250
0 0.325000 0.414062 0.037500 0.034375
0 0.960156 0.563281 0.020313 0.051562
0 0.372656 0.229687 0.023438 0.043750
0 0.246094 0.462500 0.032813 0.037500
0 0.229687 0.506250 0.025000 0.046875
0 0.294531 0.140625 0.026562 0.043750
0 0.849219 0.785156 0.026562 0.042188
0 0.760938 0.115625 0.034375 0.031250
0 0.845313 0.910937 0.028125 0.046875
0 0.010156 0.340625 0.020313 0.021875
0 0.700000 0.192969 0.028125 0.048438
0 0.882031 0.396094 0.026562 0.042188
0 0.207031 0.690625 0.039062 0.043750
0 0.409375 0.871094 0.028125 0.039062
0 0.712500 0.089063 0.037500 0.028125
0 0.339062 0.148438 0.025000 0.046875
0 0.185156 0.467187 0.017188 0.043750
0 0.750781 0.091406 0.023438 0.039062
0 0.009375 0.735938 0.018750 0.043750
0 0.253125 0.868750 0.037500 0.025000
0 0.764062 0.955469 0.021875 0.045312
0 0.290625 0.971875 0.050000 0.021875
0 0.415625 0.167187 0.021875 0.034375
0 0.834375 0.092188 0.031250 0.046875
0 0.185938 0.610156 0.025000 0.045312
0 0.296875 0.476562 0.028125 0.043750
0 0.862500 0.076563 0.018750 0.053125
0 0.085156 0.521094 0.042188 0.029687
0 0.344531 0.538281 0.048438 0.020313
0 0.207813 0.915625 0.046875 0.021875
0 0.193750 0.852344 0.043750 0.026562
0 0.799219 0.464844 0.042188 0.020313
0 0.713281 0.278906 0.020313 0.048438
0 0.317969 0.147656 0.023438 0.039062
0 0.381250 0.476562 0.040625 0.025000
0 0.206250 0.946094 0.028125 0.042188
0 0.402344 0.300781 0.032813 0.029687
0 0.237500 0.677344 0.040625 0.032813
0 0.403906 0.080469 0.017188 0.032813
0 0.796875 0.957031 0.037500 0.026562
0 0.971094 0.629687 0.045312 0.031250
0 0.407813 0.376563 0.028125 0.037500
0 0.028125 0.832812 0.031250 0.031250
0 0.366406 0.911719 0.039062 0.032813
0 0.728906 0.209375 0.048438 0.021875
0 0.953906 0.973437 0.042188 0.031250
0 0.424219 0.793750 0.042188 0.021875
0 0.210156 0.467187 0.032813 0.037500
0 0.412500 0.327344 0.037500 0.039062
0 0.112500 0.542969 0.037500 0.032813
0 0.738281 0.691406 0.048438 0.020313
0 0.092188 0.569531 0.046875 0.020313
0 0.338281 0.318750 0.032813 0.034375
0 0.355469 0.937500 0.023438 0.046875
0 0.842187 0.058594 0.031250 0.032813
0 0.432812 0.826562 0.034375 0.031250
0 0.351562 0.247656 0.025000 0.045312
0 0.371875 0.179688 0.018750 0.043750
0 0.877344 0.788281 0.026562 0.045312
0 0.289844 0.322656 0.032813 0.035937
0 0.989062 0.276562 0.018750 0.025000
0 0.719531 0.677344 0.029687 0.042188
0 0.742969 0.632031 0.048438 0.023438
0 0.394531 0.187500 0.032813 0.031250
0 0.433594 0.977344 0.026562 0.026562
0 0.914062 0.928906 0.037500 0.023438
0 0.150000 0.718750 0.031250 0.034375
0 0.383594 0.338281 0.020313 0.042188
0 0.356250 0.799219 0.025000 0.048438
0 0.182031 0.562500 0.017188 0.037500
0 0.282031 0.273438 0.039062 0.025000
0 0.316406 0.338281 0.039062 0.017188
0 0.309375 0.993750 0.040625 0.012500
0 0.050781 0.991406 0.029687 0.017188
0 0.698438 0.510938 0.034375 0.028125
0 0.029687 0.533594 0.018750 0.045312
0 0.282031 0.004687 0.032813 0.009375
0 0.355469 0.162500 0.017188 0.050000
0 0.348438 0.848437 0.025000 0.025000
0 0.010937 0.494531 0.021875 0.042188
0 0.012500 0.250781 0.021875 0.045312
0 0.396875 0.456250 0.037500 0.021875
0 0.330469 0.926562 0.026562 0.037500
0 0.374219 0.859375 0.042188 0.025000
0 0.418750 0.065625 0.021875 0.040625
0 0.769531 0.493750 0.023438 0.050000
0 0.408594 0.103125 0.045312 0.021875
0 0.904687 0.953906 0.050000 0.020313
0 0.123438 0.702344 0.040625 0.023438
0 0.278125 0.244531 0.040625 0.032813
0 0.008594 0.221094 0.017188 0.020313
0 0.691406 0.021875 0.042188 0.025000
0 0.047656 0.546094 0.020313 0.048438
0 0.947656 0.897656 0.020313 0.026562
0 0.239844 0.784375 0.035937 0.018750
0 0.032031 0.959375 0.023438 0.040625
0 0.985938 0.919531 0.028125 0.017188
0 0.803125 0.989062 0.040625 0.018750
0 0.897656 0.786719 0.029687 0.029687
0 0.380469 0.809375 0.026562 0.040625
0 0.875781 0.928125 0.020313 0.031250
0 0.338281 0.870313 0.042188 0.021875
0 0.692187 0.328906 0.021875 0.048438
0 0.993750 0.883594 0.012500 0.020313
0 0.838281 0.955469 0.017188 0.048438
0 0.391406 0.260937 0.023438 0.046875
0 0.393750 0.418750 0.021875 0.028125
0 0.966406 0.892969 0.026562 0.029687
0 0.157031 0.960938 0.042188 0.031250
0 0.862500 0.370312 0.025000 0.040625
0 0.722656 0.450000 0.017188 0.037500
0 0.698438 0.058594 0.034375 0.035937
0 0.374219 0.292969 0.042188 0.014063
0 0.084375 0.361719 0.028125 0.032813
0 0.058594 0.506250 0.039062 0.028125
0 0.061719 0.354687 0.023438 0.037500
0 0.145313 0.574219 0.056250 0.026562
0 0.383594 0.885156 0.023438 0.035937
0 0.918750 0.974219 0.021875 0.026562
0 0.236719 0.853906 0.045312 0.017188
0 0.753125 0.995313 0.028125 0.009375
0 0.410938 0.450781 0.025000 0.042188
0 0.710938 0.557031 0.031250 0.039062
0 0.708594 0.579688 0.029687 0.034375
0 0.865625 0.004687 0.034375 0.009375
0 0.697656 0.478125 0.020313 0.046875
0 0.312500 0.243750 0.050000 0.015625
0 0.427344 0.378125 0.020313 0.046875
0 0.407031 0.234375 0.026562 0.031250
0 0.009375 0.533594 0.018750 0.023438
0 0.327344 0.478906 0.026562 0.035937
0 0.279687 0.141406 0.021875 0.042188
0 0.696875 0.232031 0.050000 0.020313
0 0.991406 0.819531 0.014063 0.032813
0 0.152344 0.696875 0.035937 0.025000
0 0.202344 0.884375 0.032813 0.040625
0 0.730469 0.525000 0.020313 0.050000
0 0.010937 0.815625 0.021875 0.037500
0 0.316406 0.792188 0.023438 0.031250
0 0.702344 0.648438 0.029687 0.037500
0 0.987500 0.902344 0.025000 0.017188
0 0.992969 0.974219 0.014063 0.032813
0 0.702344 0.617969 0.032813 0.026562
0 0.015625 0.303125 0.028125 0.043750
0 0.419531 0.264062 0.020313 0.037500
0 0.699219 0.258594 0.017188 0.032813
0 0.298438 0.941406 0.028125 0.026562
0 0.684375 0.083594 0.025000 0.029687
0 0.267188 0.788281 0.043750 0.026562
0 0.378125 0.274219 0.018750 0.023438
0 0.004687 0.202344 0.009375 0.020313
0 0.006250 0.784375 0.012500 0.043750
0 0.414844 0.990625 0.045312 0.018750
0 0.713281 0.528906 0.020313 0.026562
0 0.993750 0.142969 0.012500 0.032813
0 0.401562 0.207031 0.034375 0.020313
0 0.925781 0.994531 0.039062 0.007812
0 0.823438 0.962500 0.015625 0.037500
0 0.789062 0.113281 0.040625 0.042188
0 0.694531 0.004687 0.035937 0.009375
0 0.184375 0.104688 0.009375 0.031250
0 0.176563 0.271875 0.040625 0.028125
0 0.173437 0.280469 0.040625 0.032813
0 0.168750 0.890625 0.046875 0.031250
0 0.171094 0.908594 0.042188 0.026562
0 0.153125 0.914844 0.050000 0.023438
0 0.176563 0.937500 0.021875 0.025000
0 0.169531 0.945312 0.032813 0.034375
0 0.191406 0.820312 0.026562 0.040625
0 0.187500 0.825000 0.046875 0.021875
0 0.263281 0.813281 0.026562 0.032813
0 0.250781 0.809375 0.023438 0.031250
0 0.421094 0.842187 0.026562 0.028125
0 0.396094 0.971875 0.020313 0.021875
0 0.892969 0.911719 0.017188 0.048438
0 0.747656 0.651563 0.020313 0.031250
0 0.682031 0.653125 0.042188 0.031250
0 0.684375 0.542969 0.031250 0.029687
0 0.736719 0.488281 0.020313 0.032813
0 0.754687 0.467187 0.031250 0.034375
0 0.862500 0.974219 0.034375 0.035937
0 0.855469 0.946094 0.020313 0.020313
0 0.664844 0.064844 0.026562 0.029687
0 0.322656 0.949219 0.032813 0.023438