0 0.810937 0.992969 0.018750 0.014063
0 0.728906 0.989062 0.023438 0.021875
0 0.903125 0.979688 0.034375 0.040625
0 0.561719 0.978906 0.026562 0.042188
0 0.202344 0.971875 0.023438 0.043750
0 0.685937 0.952344 0.037500 0.017188
0 0.796875 0.945312 0.031250 0.046875
0 0.757031 0.944531 0.020313 0.045312
0 0.894531 0.932813 0.017188 0.046875
0 0.542188 0.918750 0.040625 0.021875
0 0.317969 0.900781 0.032813 0.035937
0 0.654687 0.863281 0.046875 0.023438
0 0.769531 0.860938 0.039062 0.037500
0 0.729688 0.861719 0.021875 0.042188
0 0.175000 0.855469 0.034375 0.035937
0 0.103125 0.835156 0.037500 0.035937
0 0.715625 0.806250 0.046875 0.021875
0 0.282813 0.794531 0.028125 0.035937
0 0.983594 0.774219 0.032813 0.032813
0 0.940625 0.771875 0.046875 0.028125
0 0.590625 0.779687 0.021875 0.043750
0 0.285156 0.759375 0.051562 0.021875
0 0.989844 0.720313 0.020313 0.025000
0 0.429688 0.690625 0.031250 0.015625
0 0.660937 0.666406 0.046875 0.023438
0 0.509375 0.669531 0.021875 0.051562
0 0.987500 0.650781 0.025000 0.045312
0 0.941406 0.636719 0.039062 0.023438
0 0.600781 0.628125 0.042188 0.025000
0 0.746875 0.614844 0.050000 0.023438
0 0.991406 0.585156 0.017188 0.023438
0 0.313281 0.583594 0.029687 0.023438
0 0.620313 0.589063 0.025000 0.046875
0 0.740625 0.568750 0.043750 0.018750
0 0.516406 0.571875 0.023438 0.028125
0 0.931250 0.528125 0.031250 0.040625
0 0.781250 0.524219 0.028125 0.054688
0 0.243750 0.500781 0.018750 0.045312
0 0.147656 0.489063 0.035937 0.056250
0 0.494531 0.464844 0.045312 0.017188
0 0.837500 0.471875 0.028125 0.040625
0 0.746094 0.461719 0.051562 0.023438
0 0.281250 0.465625 0.050000 0.037500
0 0.626563 0.451562 0.034375 0.034375
0 0.990625 0.451562 0.018750 0.046875
0 0.303125 0.435156 0.040625 0.020313
0 0.775781 0.442188 0.035937 0.037500
0 0.819531 0.439844 0.035937 0.035937
0 0.979688 0.414062 0.040625 0.025000
0 0.335938 0.417187 0.021875 0.046875
0 0.183594 0.415625 0.032813 0.043750
0 0.688281 0.397656 0.026562 0.045312
0 0.392969 0.393750 0.026562 0.046875
0 0.885156 0.382031 0.023438 0.045312
0 0.225000 0.370312 0.040625 0.025000
0 0.967187 0.327344 0.028125 0.042188
0 0.368750 0.308594 0.040625 0.023438
0 0.267969 0.294531 0.023438 0.042188
0 0.196875 0.292187 0.025000 0.043750
0 0.986719 0.267969 0.026562 0.045312
0 0.633594 0.253906 0.023438 0.051562
0 0.392188 0.234375 0.040625 0.028125
0 0.539062 0.234375 0.037500 0.031250
0 0.576562 0.224219 0.015625 0.045312
0 0.267188 0.226562 0.021875 0.050000
0 0.910937 0.210938 0.043750 0.034375
0 0.539844 0.200000 0.042188 0.025000
0 0.767969 0.205469 0.026562 0.045312
0 0.337500 0.127344 0.037500 0.042188
0 0.272656 0.122656 0.032813 0.035937
0 0.985156 0.118750 0.029687 0.031250
0 0.212500 0.122656 0.025000 0.042188
0 0.644531 0.089063 0.042188 0.028125
0 0.700000 0.091406 0.031250 0.045312
0 0.495312 0.029687 0.043750 0.015625
0 0.406250 0.031250 0.050000 0.018750
0 0.301563 0.026562 0.034375 0.043750
0 0.614844 0.016406 0.035937 0.032813
0 0.439063 0.010156 0.028125 0.020313
0 0.170313 0.017969 0.021875 0.035937
0 0.113281 0.010156 0.020313 0.020313
0 0.119531 0.050000 0.051562 0.021875
0 0.097656 0.108594 0.023438 0.048438
0 0.132031 0.164844 0.032813 0.048438
0 0.135937 0.199219 0.043750 0.020313
0 0.235156 0.192969 0.035937 0.035937
0 0.242188 0.148438 0.021875 0.050000
0 0.280469 0.153125 0.042188 0.021875
0 0.307812 0.171094 0.050000 0.032813
0 0.415625 0.148438 0.031250 0.050000
0 0.428125 0.198437 0.028125 0.046875
0 0.460156 0.183594 0.045312 0.029687
0 0.488281 0.223438 0.026562 0.037500
0 0.460156 0.263281 0.029687 0.039062
0 0.496875 0.239844 0.025000 0.017188
0 0.536719 0.271875 0.029687 0.031250
0 0.528125 0.280469 0.018750 0.035937
0 0.538281 0.304688 0.042188 0.015625
0 0.602344 0.079687 0.026562 0.025000
0 0.591406 0.046875 0.054688 0.021875
0 0.554688 0.070312 0.050000 0.028125
0 0.591406 0.114062 0.035937 0.021875
0 0.610938 0.139063 0.018750 0.040625
0 0.633594 0.130469 0.023438 0.042188
0 0.629687 0.160938 0.015625 0.018750
0 0.645312 0.187500 0.025000 0.040625
0 0.770312 0.125781 0.028125 0.048438
0 0.796094 0.090625 0.042188 0.025000
0 0.900781 0.106250 0.035937 0.043750
0 0.913281 0.073438 0.020313 0.040625
0 0.946875 0.032031 0.050000 0.023438
0 0.946094 0.054688 0.045312 0.028125
0 0.935156 0.076563 0.039062 0.012500
0 0.950781 0.096875 0.035937 0.031250
0 0.980469 0.082812 0.032813 0.028125
0 0.982031 0.367969 0.029687 0.029687
0 0.990625 0.386719 0.015625 0.023438
0 0.921875 0.420312 0.040625 0.021875
0 0.789062 0.349219 0.043750 0.023438
0 0.750781 0.345313 0.032813 0.034375
0 0.567187 0.388281 0.040625 0.020313
0 0.567969 0.405469 0.035937 0.014063
0 0.546875 0.417969 0.050000 0.020313
0 0.504687 0.418750 0.046875 0.025000
0 0.322656 0.281250 0.026562 0.037500
0 0.327344 0.313281 0.029687 0.032813
0 0.298438 0.302344 0.028125 0.045312
0 0.334375 0.249219 0.015625 0.017188
0 0.201563 0.460156 0.031250 0.039062
0 0.246875 0.400000 0.028125 0.040625
0 0.260156 0.435156 0.035937 0.035937
0 0.232813 0.439063 0.018750 0.043750
0 0.257812 0.564063 0.034375 0.028125
0 0.283594 0.563281 0.039062 0.032813
0 0.372656 0.577344 0.048438 0.032813
0 0.360156 0.614844 0.029687 0.039062
0 0.303125 0.650000 0.034375 0.025000
0 0.289062 0.675781 0.040625 0.023438
0 0.327344 0.676562 0.032813 0.018750
0 0.264844 0.684375 0.039062 0.043750
0 0.142969 0.517188 0.045312 0.031250
0 0.106250 0.453906 0.025000 0.054688
0 0.144531 0.442969 0.032813 0.039062
0 0.172656 0.450000 0.032813 0.034375
0 0.104688 0.538281 0.040625 0.032813
0 0.089844 0.607031 0.017188 0.045312
0 0.429688 0.651563 0.025000 0.043750
0 0.432031 0.676562 0.048438 0.046875
0 0.248438 0.790625 0.028125 0.037500
0 0.163281 0.756250 0.029687 0.031250
0 0.165625 0.724219 0.028125 0.029687
0 0.225781 0.816406 0.054688 0.020313
0 0.232813 0.843750 0.028125 0.025000
0 0.219531 0.856250 0.042188 0.015625
0 0.223438 0.880469 0.043750 0.020313
0 0.264844 0.879687 0.039062 0.037500
0 0.260156 0.846094 0.026562 0.035937
0 0.290625 0.854688 0.037500 0.018750
0 0.298438 0.832812 0.028125 0.037500
0 0.339062 0.801562 0.034375 0.034375
0 0.375000 0.781250 0.050000 0.028125
0 0.385156 0.809375 0.020313 0.037500
0 0.368750 0.836719 0.034375 0.042188
0 0.348438 0.861719 0.050000 0.035937
0 0.400781 0.875000 0.051562 0.025000
0 0.431250 0.831250 0.046875 0.018750
0 0.428125 0.778125 0.025000 0.043750
0 0.448437 0.800781 0.025000 0.039062
0 0.428906 0.903125 0.029687 0.040625
0 0.336719 0.914062 0.039062 0.025000
0 0.321094 0.947656 0.023438 0.045312
0 0.376563 0.950781 0.043750 0.017188
0 0.384375 0.924219 0.031250 0.035937
0 0.414844 0.932031 0.032813 0.017188
0 0.451562 0.937500 0.043750 0.021875
0 0.445312 0.959375 0.050000 0.015625
0 0.439844 0.975781 0.042188 0.017188
0 0.498437 0.946875 0.043750 0.025000
0 0.491406 0.971875 0.029687 0.028125
0 0.153906 0.973437 0.029687 0.037500
0 0.128906 0.964063 0.020313 0.043750
0 0.085156 0.960938 0.029687 0.040625
0 0.077344 0.942187 0.023438 0.018750
0 0.042969 0.970313 0.029687 0.037500
0 0.099219 0.990625 0.039062 0.015625
0 0.060156 0.982031 0.029687 0.017188
0 0.493750 0.550781 0.015625 0.017188
0 0.534375 0.536719 0.021875 0.048438
0 0.554688 0.531250 0.015625 0.046875
0 0.684375 0.525000 0.046875 0.043750
0 0.690625 0.622656 0.037500 0.032813
0 0.784375 0.625000 0.025000 0.050000
0 0.759375 0.660937 0.040625 0.018750
0 0.796094 0.660937 0.035937 0.034375
0 0.786719 0.686719 0.035937 0.029687
0 0.800000 0.696094 0.040625 0.029687
0 0.863281 0.683594 0.023438 0.039062
0 0.892969 0.667188 0.029687 0.028125
0 0.911719 0.665625 0.026562 0.018750
0 0.867969 0.564844 0.026562 0.045312
0 0.839063 0.573438 0.046875 0.021875
0 0.828125 0.594531 0.040625 0.023438
0 0.453906 0.846094 0.029687 0.023438
0 0.452344 0.870313 0.042188 0.034375
0 0.470313 0.896094 0.065625 0.020313
0 0.481250 0.867969 0.018750 0.032813
0 0.517188 0.870313 0.043750 0.015625
0 0.517188 0.852344 0.046875 0.020313
0 0.557813 0.851562 0.040625 0.034375
0 0.512500 0.839063 0.031250 0.025000
0 0.689063 0.882031 0.037500 0.035937
0 0.611719 0.925000 0.026562 0.037500
0 0.637500 0.897656 0.018750 0.042188
0 0.635938 0.931250 0.021875 0.031250
0 0.664844 0.925781 0.035937 0.032813
0 0.905469 0.807031 0.035937 0.035937
0 0.937500 0.810937 0.037500 0.031250
0 0.935156 0.841406 0.042188 0.023438
0 0.961719 0.860938 0.020313 0.040625
0 0.962500 0.825781 0.028125 0.020313
0 0.805469 0.886719 0.048438 0.017188
0 0.825781 0.903125 0.051562 0.018750
0 0.803906 0.908594 0.054688 0.023438
0 0.833594 0.929688 0.042188 0.021875
0 0.830469 0.960156 0.023438 0.039062
0 0.908594 0.142187 0.017188 0.015625
0 0.889844 0.446094 0.032813 0.029687
0 0.908594 0.454688 0.017188 0.043750
0 0.800781 0.810156 0.042188 0.020313
0 0.793750 0.838281 0.031250 0.039062
0 0.954688 0.944531 0.028125 0.032813
0 0.967969 0.912500 0.023438 0.031250
0 0.990625 0.950781 0.015625 0.045312
0 0.975781 0.957031 0.020313 0.039062
0 0.976562 0.986719 0.018750 0.023438