0 0.016406 0.413281 0.029687 0.042188
0 0.570312 0.385156 0.021875 0.039062
0 0.557813 0.715625 0.043750 0.021875
0 0.534375 0.214844 0.037500 0.035937
0 0.553125 0.786719 0.040625 0.039062
0 0.482812 0.359375 0.043750 0.028125
0 0.485938 0.495312 0.028125 0.037500
0 0.230469 0.268750 0.042188 0.021875
0 0.779687 0.560937 0.031250 0.043750
0 0.764844 0.464062 0.035937 0.050000
0 0.186719 0.209375 0.020313 0.037500
0 0.110156 0.183594 0.045312 0.023438
0 0.355469 0.266406 0.045312 0.023438
0 0.457031 0.778906 0.020313 0.051562
0 0.224219 0.719531 0.042188 0.032813
0 0.203906 0.532031 0.035937 0.048438
0 0.402344 0.375000 0.026562 0.040625
0 0.055469 0.518750 0.045312 0.028125
0 0.184375 0.696875 0.028125 0.053125
0 0.530469 0.568750 0.042188 0.018750
0 0.658594 0.143750 0.042188 0.025000
0 0.723437 0.432812 0.043750 0.031250
0 0.065625 0.282813 0.046875 0.028125
0 0.226562 0.653906 0.040625 0.026562
0 0.449219 0.482031 0.017188 0.045312
0 0.082812 0.335156 0.037500 0.020313
0 0.558594 0.294531 0.042188 0.032813
0 0.028125 0.292187 0.031250 0.037500
0 0.150000 0.203906 0.031250 0.026562
0 0.210156 0.234375 0.039062 0.018750
0 0.150000 0.919531 0.050000 0.020313
0 0.375000 0.880469 0.037500 0.032813
0 0.767969 0.296094 0.039062 0.023438
0 0.409375 0.723437 0.040625 0.025000
0 0.061719 0.478906 0.026562 0.048438
0 0.251563 0.663281 0.031250 0.039062
0 0.224219 0.975000 0.026562 0.046875
0 0.098437 0.957031 0.043750 0.026562
0 0.746875 0.082031 0.040625 0.023438
0 0.760156 0.411719 0.026562 0.045312
0 0.554688 0.614062 0.043750 0.028125
0 0.730469 0.268750 0.035937 0.040625
0 0.435156 0.389844 0.023438 0.042188
0 0.172656 0.454688 0.017188 0.043750
0 0.280469 0.200781 0.035937 0.029687
0 0.792188 0.118750 0.043750 0.018750
0 0.757031 0.925781 0.020313 0.045312
0 0.800781 0.226562 0.029687 0.040625
0 0.603906 0.621875 0.039062 0.031250
0 0.633594 0.828125 0.035937 0.034375
0 0.251563 0.846094 0.028125 0.039062
0 0.189844 0.760938 0.020313 0.040625
0 0.252344 0.167969 0.039062 0.020313
0 0.432031 0.982812 0.020313 0.034375
0 0.241406 0.806250 0.039062 0.028125
0 0.732031 0.929688 0.020313 0.046875
0 0.675000 0.396875 0.046875 0.025000
0 0.214062 0.450000 0.018750 0.046875
0 0.746875 0.216406 0.025000 0.039062
0 0.300781 0.814063 0.032813 0.034375
0 0.308594 0.180469 0.039062 0.029687
0 0.651563 0.565625 0.028125 0.040625
0 0.146875 0.464844 0.025000 0.045312
0 0.856250 0.403125 0.034375 0.043750
0 0.724219 0.712500 0.042188 0.018750
0 0.672656 0.644531 0.039062 0.026562
0 0.254688 0.692187 0.037500 0.040625
0 0.653125 0.908594 0.031250 0.039062
0 0.122656 0.382031 0.032813 0.029687
0 0.319531 0.828906 0.023438 0.048438
0 0.525781 0.629687 0.026562 0.050000
0 0.194531 0.392969 0.026562 0.039062
0 0.269531 0.350781 0.042188 0.020313
0 0.821875 0.904687 0.025000 0.050000
0 0.569531 0.639062 0.035937 0.031250
0 0.642969 0.953906 0.042188 0.026562
0 0.113281 0.515625 0.023438 0.050000
0 0.738281 0.764844 0.026562 0.057813
0 0.834375 0.153906 0.031250 0.032813
0 0.721094 0.592187 0.042188 0.028125
0 0.676562 0.510938 0.034375 0.037500
0 0.426563 0.139844 0.037500 0.026562
0 0.325781 0.557813 0.042188 0.018750
0 0.503906 0.306250 0.039062 0.018750
0 0.659375 0.605469 0.025000 0.048438
0 0.049219 0.784375 0.042188 0.021875
0 0.761719 0.864062 0.026562 0.046875
0 0.633594 0.531250 0.026562 0.046875
0 0.290625 0.383594 0.046875 0.020313
0 0.785156 0.893750 0.039062 0.037500
0 0.138281 0.308594 0.029687 0.032813
0 0.710938 0.767969 0.025000 0.042188
0 0.427344 0.185938 0.035937 0.025000
0 0.691406 0.910156 0.045312 0.035937
0 0.485938 0.236719 0.043750 0.023438
0 0.273438 0.626563 0.028125 0.040625
0 0.147656 0.333594 0.042188 0.020313
0 0.457031 0.660937 0.020313 0.028125
0 0.153125 0.382031 0.034375 0.029687
0 0.346875 0.308594 0.040625 0.026562
0 0.714063 0.820312 0.040625 0.034375
0 0.144531 0.406250 0.039062 0.021875
0 0.699219 0.100000 0.020313 0.053125
0 0.538281 0.309375 0.026562 0.040625
0 0.347656 0.944531 0.020313 0.045312
0 0.821094 0.385937 0.032813 0.037500
0 0.285156 0.405469 0.032813 0.026562
0 0.602344 0.838281 0.023438 0.051562
0 0.259375 0.548438 0.031250 0.025000
0 0.318750 0.416406 0.034375 0.023438
0 0.237500 0.878125 0.034375 0.040625
0 0.500781 0.268750 0.023438 0.046875
0 0.714063 0.347656 0.040625 0.023438
0 0.307812 0.303906 0.028125 0.048438
0 0.316406 0.913281 0.045312 0.020313
0 0.514844 0.253125 0.026562 0.046875
0 0.716406 0.677344 0.017188 0.035937
0 0.231250 0.560156 0.028125 0.042188
0 0.421094 0.267188 0.042188 0.021875
0 0.700000 0.864844 0.050000 0.023438
0 0.143750 0.356250 0.043750 0.015625
0 0.690625 0.367188 0.050000 0.025000
0 0.750000 0.692187 0.025000 0.040625
0 0.116406 0.982812 0.020313 0.012500
0 0.023438 0.800781 0.043750 0.029687
0 0.290625 0.921094 0.021875 0.048438
0 0.211719 0.861719 0.020313 0.045312
0 0.411719 0.166406 0.042188 0.020313
0 0.180469 0.354687 0.029687 0.037500
0 0.305469 0.360938 0.029687 0.031250
0 0.390625 0.277344 0.025000 0.039062
0 0.734375 0.322656 0.028125 0.029687
0 0.262500 0.571875 0.034375 0.015625
0 0.157031 0.499219 0.029687 0.029687
0 0.684375 0.596094 0.021875 0.039062
0 0.685937 0.881250 0.031250 0.031250
0 0.680469 0.842969 0.035937 0.029687
0 0.314063 0.435937 0.043750 0.021875
0 0.450781 0.632031 0.017188 0.020313
0 0.155469 0.523438 0.045312 0.021875
0 0.806250 0.267969 0.028125 0.039062
0 0.119531 0.299219 0.020313 0.048438
0 0.697656 0.800000 0.026562 0.031250
0 0.701562 0.317969 0.021875 0.048438
0 0.700781 0.635938 0.020313 0.046875
0 0.014844 0.828906 0.029687 0.020313
0 0.704688 0.212500 0.056250 0.031250
0 0.692969 0.575000 0.029687 0.037500
0 0.395313 0.432812 0.021875 0.037500
0 0.677344 0.932813 0.035937 0.021875
0 0.276562 0.434375 0.031250 0.031250
0 0.821094 0.178125 0.042188 0.018750
0 0.685156 0.961719 0.032813 0.035937
0 0.755469 0.672656 0.020313 0.029687
0 0.008594 0.185938 0.017188 0.046875
0 0.389062 0.843750 0.050000 0.028125
0 0.682031 0.528125 0.039062 0.034375
0 0.847656 0.332031 0.039062 0.020313
0 0.009375 0.814844 0.018750 0.020313
0 0.828125 0.116406 0.025000 0.026562
0 0.452344 0.164844 0.035937 0.029687
0 0.392969 0.418750 0.023438 0.028125
0 0.843750 0.086719 0.015625 0.017188
0 0.267969 0.592187 0.020313 0.028125
0 0.682031 0.988281 0.026562 0.020313
0 0.825000 0.357812 0.018750 0.028125
0 0.627344 0.991406 0.020313 0.017188
0 0.834375 0.212500 0.028125 0.040625
0 0.153906 0.579688 0.039062 0.018750
0 0.831250 0.133594 0.034375 0.026562
0 0.146875 0.553906 0.018750 0.029687
0 0.824219 0.203125 0.017188 0.037500
0 0.226562 0.590625 0.037500 0.021875
0 0.125000 0.563281 0.018750 0.042188
0 0.285938 0.994531 0.018750 0.010937
0 0.120313 0.346094 0.021875 0.017188
0 0.732812 0.617188 0.018750 0.028125
0 0.003125 0.364063 0.006250 0.018750
0 0.655469 0.978906 0.023438 0.023438
0 0.455469 0.250781 0.029687 0.017188