0 0.895312 0.221094 0.040625 0.029687
0 0.482812 0.406250 0.028125 0.037500
0 0.435937 0.068750 0.037500 0.031250
0 0.687500 0.216406 0.046875 0.023438
0 0.636719 0.928125 0.039062 0.034375
0 0.192969 0.034375 0.042188 0.028125
0 0.822656 0.288281 0.039062 0.032813
0 0.467187 0.602344 0.043750 0.023438
0 0.435156 0.959375 0.051562 0.025000
0 0.672656 0.245312 0.032813 0.043750
0 0.846094 0.210156 0.039062 0.045312
0 0.223438 0.168750 0.021875 0.050000
0 0.528906 0.700000 0.029687 0.034375
0 0.718750 0.582812 0.021875 0.040625
0 0.419531 0.267969 0.032813 0.042188
0 0.790625 0.171094 0.034375 0.032813
0 0.303125 0.690625 0.031250 0.037500
0 0.507031 0.453906 0.045312 0.035937
0 0.450000 0.759375 0.021875 0.040625
0 0.788281 0.590625 0.048438 0.028125
0 0.915625 0.066406 0.046875 0.026562
0 0.971875 0.929688 0.034375 0.037500
0 0.392188 0.282813 0.040625 0.034375
0 0.840625 0.932813 0.021875 0.043750
0 0.225000 0.241406 0.021875 0.045312
0 0.757812 0.971875 0.046875 0.021875
0 0.464844 0.285156 0.048438 0.039062
0 0.591406 0.339062 0.042188 0.031250
0 0.317969 0.432812 0.035937 0.046875
0 0.772656 0.015625 0.042188 0.031250
0 0.857812 0.075781 0.040625 0.042188
0 0.253125 0.829688 0.037500 0.034375
0 0.806250 0.100781 0.040625 0.023438
0 0.939063 0.733594 0.037500 0.039062
0 0.346094 0.664062 0.029687 0.037500
0 0.272656 0.607812 0.026562 0.046875
0 0.341406 0.621094 0.035937 0.035937
0 0.862500 0.773438 0.043750 0.031250
0 0.846094 0.885938 0.020313 0.046875
0 0.674219 0.771094 0.054688 0.032813
0 0.468750 0.691406 0.043750 0.023438
0 0.675781 0.462500 0.023438 0.050000
0 0.260937 0.553125 0.040625 0.021875
0 0.217188 0.844531 0.021875 0.042188
0 0.658594 0.060156 0.026562 0.045312
0 0.237500 0.925000 0.043750 0.037500
0 0.968750 0.551562 0.043750 0.018750
0 0.548438 0.917188 0.050000 0.028125
0 0.272656 0.671875 0.020313 0.046875
0 0.661719 0.852344 0.042188 0.032813
0 0.589844 0.900000 0.023438 0.046875
0 0.888281 0.932813 0.020313 0.050000
0 0.704688 0.524219 0.043750 0.035937
0 0.203906 0.392188 0.032813 0.046875
0 0.219531 0.562500 0.035937 0.037500
0 0.567187 0.701562 0.018750 0.043750
0 0.598437 0.117969 0.025000 0.042188
0 0.741406 0.208594 0.042188 0.035937
0 0.285156 0.776563 0.042188 0.025000
0 0.728125 0.718750 0.021875 0.050000
0 0.412500 0.540625 0.043750 0.018750
0 0.785937 0.125781 0.034375 0.017188
0 0.644531 0.652344 0.042188 0.029687
0 0.669531 0.717969 0.042188 0.032813
0 0.491406 0.342969 0.048438 0.026562
0 0.405469 0.989062 0.048438 0.018750
0 0.242188 0.678906 0.037500 0.042188
0 0.435937 0.314063 0.046875 0.021875
0 0.478906 0.649219 0.029687 0.042188
0 0.960938 0.026562 0.043750 0.025000
0 0.240625 0.582031 0.040625 0.020313
0 0.498437 0.103906 0.043750 0.032813
0 0.368750 0.544531 0.040625 0.035937
0 0.492969 0.741406 0.045312 0.023438
0 0.527344 0.739844 0.032813 0.035937
0 0.974219 0.778125 0.032813 0.040625
0 0.407031 0.483594 0.042188 0.032813
0 0.902344 0.798438 0.048438 0.037500
0 0.343750 0.755469 0.031250 0.035937
0 0.353125 0.588281 0.037500 0.026562
0 0.313281 0.762500 0.026562 0.046875
0 0.330469 0.571094 0.039062 0.039062
0 0.448437 0.340625 0.043750 0.031250
0 0.567969 0.736719 0.045312 0.026562
0 0.983594 0.641406 0.026562 0.042188
0 0.667969 0.680469 0.048438 0.032813
0 0.203906 0.668750 0.020313 0.046875
0 0.328906 0.251563 0.032813 0.046875
0 0.948438 0.988281 0.025000 0.020313
0 0.984375 0.987500 0.028125 0.021875
0 0.484375 0.148438 0.021875 0.053125
0 0.294531 0.243750 0.023438 0.037500
0 0.961719 0.852344 0.035937 0.029687
0 0.556250 0.432031 0.046875 0.020313
0 0.406250 0.693750 0.031250 0.043750
0 0.986719 0.817187 0.026562 0.034375
0 0.335938 0.796875 0.031250 0.043750
0 0.827344 0.368750 0.032813 0.031250
0 0.461719 0.988281 0.023438 0.020313
0 0.660937 0.801562 0.028125 0.021875
0 0.152344 0.013281 0.020313 0.026562
0 0.414844 0.653906 0.048438 0.020313
0 0.457813 0.668750 0.037500 0.028125
0 0.848437 0.407813 0.025000 0.050000
0 0.431250 0.631250 0.018750 0.018750
0 0.804688 0.775781 0.018750 0.048438
0 0.675000 0.646094 0.021875 0.042188
0 0.308594 0.273438 0.045312 0.021875
0 0.612500 0.445312 0.043750 0.021875
0 0.932813 0.767969 0.028125 0.042188
0 0.381250 0.660156 0.018750 0.048438
0 0.521094 0.986719 0.039062 0.026562
0 0.624219 0.007031 0.057813 0.014063
0 0.429688 0.692187 0.028125 0.050000
0 0.363281 0.778906 0.023438 0.045312
0 0.339844 0.481250 0.029687 0.043750
0 0.196094 0.588281 0.026562 0.045312
0 0.641406 0.461719 0.020313 0.054688
0 0.517969 0.121875 0.032813 0.028125
0 0.243750 0.327344 0.021875 0.042188
0 0.196875 0.912500 0.031250 0.046875
0 0.598437 0.623437 0.034375 0.021875
0 0.989062 0.857812 0.018750 0.046875
0 0.555469 0.392969 0.029687 0.039062
0 0.514062 0.881250 0.021875 0.050000
0 0.653125 0.828125 0.053125 0.021875
0 0.232031 0.303906 0.045312 0.020313
0 0.271875 0.398438 0.021875 0.043750
0 0.350000 0.502344 0.034375 0.039062
0 0.932031 0.793750 0.032813 0.037500
0 0.593750 0.645312 0.046875 0.025000
0 0.903125 0.989062 0.025000 0.018750
0 0.964063 0.004687 0.046875 0.009375
0 0.395313 0.206250 0.034375 0.037500
0 0.398438 0.181250 0.021875 0.031250
0 0.547656 0.007812 0.039062 0.015625
0 0.555469 0.365625 0.035937 0.028125
0 0.967969 0.869531 0.026562 0.029687
0 0.850781 0.360938 0.020313 0.043750
0 0.658594 0.539844 0.045312 0.020313
0 0.292969 0.382812 0.023438 0.015625
0 0.652344 0.553125 0.042188 0.031250
0 0.994531 0.020313 0.010937 0.034375
0 0.586719 0.426563 0.017188 0.021875
0 0.496094 0.963281 0.023438 0.045312
0 0.993750 0.110937 0.009375 0.025000
0 0.994531 0.750000 0.010937 0.018750
0 0.578125 0.450781 0.025000 0.026562
0 0.912500 0.765625 0.018750 0.015625
0 0.500781 0.940625 0.029687 0.028125
0 0.521875 0.155469 0.040625 0.032813
0 0.552344 0.138281 0.020313 0.060937
0 0.540625 0.137500 0.018750 0.034375
0 0.573438 0.106250 0.028125 0.043750
0 0.911719 0.839844 0.039062 0.039062