0 0.316406 0.507812 0.045312 0.031250
0 0.248438 0.562500 0.031250 0.034375
0 0.292187 0.029687 0.037500 0.028125
0 0.319531 0.182031 0.042188 0.032813
0 0.271875 0.451562 0.028125 0.040625
0 0.494531 0.080469 0.042188 0.032813
0 0.899219 0.633594 0.042188 0.026562
0 0.504687 0.293750 0.025000 0.050000
0 0.186719 0.900781 0.039062 0.029687
0 0.397656 0.495312 0.029687 0.037500
0 0.121094 0.319531 0.039062 0.032813
0 0.316406 0.456250 0.023438 0.046875
0 0.192188 0.474219 0.021875 0.057813
0 0.339844 0.374219 0.039062 0.035937
0 0.892188 0.329688 0.034375 0.043750
0 0.383594 0.553906 0.026562 0.045312
0 0.303906 0.536719 0.039062 0.026562
0 0.490625 0.973437 0.034375 0.031250
0 0.371875 0.046094 0.021875 0.051562
0 0.080469 0.430469 0.045312 0.023438
0 0.064844 0.228125 0.048438 0.025000
0 0.421875 0.049219 0.040625 0.032813
0 0.532813 0.088281 0.034375 0.035937
0 0.483594 0.523438 0.048438 0.034375
0 0.203906 0.652344 0.017188 0.042188
0 0.497656 0.414062 0.039062 0.028125
0 0.903125 0.664844 0.040625 0.035937
0 0.129688 0.352344 0.050000 0.029687
0 0.890625 0.074219 0.037500 0.035937
0 0.366406 0.951562 0.020313 0.040625
0 0.467187 0.171875 0.037500 0.037500
0 0.320312 0.215625 0.040625 0.031250
0 0.976562 0.242188 0.021875 0.043750
0 0.984375 0.604688 0.021875 0.046875
0 0.116406 0.738281 0.032813 0.039062
0 0.196875 0.067969 0.037500 0.032813
0 0.428125 0.275000 0.040625 0.028125
0 0.556250 0.143750 0.040625 0.028125
0 0.253125 0.244531 0.034375 0.048438
0 0.100781 0.879687 0.042188 0.028125
0 0.407031 0.220312 0.023438 0.043750
0 0.160156 0.499219 0.035937 0.029687
0 0.896875 0.847656 0.034375 0.042188
0 0.543750 0.971094 0.043750 0.026562
0 0.115625 0.664062 0.043750 0.025000
0 0.287500 0.347656 0.037500 0.032813
0 0.914844 0.018750 0.035937 0.034375
0 0.221875 0.964844 0.028125 0.045312
0 0.345313 0.643750 0.043750 0.040625
0 0.139844 0.812500 0.020313 0.043750
0 0.478906 0.582031 0.045312 0.029687
0 0.974219 0.756250 0.039062 0.025000
0 0.094531 0.109375 0.032813 0.040625
0 0.023438 0.189062 0.028125 0.034375
0 0.572656 0.716406 0.026562 0.045312
0 0.413281 0.657031 0.042188 0.029687
0 0.234375 0.110156 0.046875 0.042188
0 0.282031 0.644531 0.023438 0.039062
0 0.332031 0.807813 0.023438 0.040625
0 0.117969 0.688281 0.045312 0.023438
0 0.007031 0.279687 0.014063 0.053125
0 0.896094 0.109375 0.051562 0.021875
0 0.256250 0.653906 0.025000 0.051562
0 0.879687 0.430469 0.031250 0.039062
0 0.877344 0.276562 0.039062 0.031250
0 0.018750 0.725781 0.021875 0.039062
0 0.580469 0.082812 0.026562 0.043750
0 0.014063 0.957812 0.028125 0.040625
0 0.904687 0.447656 0.046875 0.020313
0 0.411719 0.408594 0.045312 0.020313
0 0.517969 0.813281 0.042188 0.020313
0 0.561719 0.941406 0.035937 0.035937
0 0.042188 0.811719 0.037500 0.029687
0 0.346094 0.415625 0.026562 0.034375
0 0.285156 0.796094 0.035937 0.035937
0 0.313281 0.871094 0.035937 0.023438
0 0.860156 0.470313 0.048438 0.028125
0 0.234375 0.890625 0.028125 0.046875
0 0.944531 0.601562 0.023438 0.050000
0 0.957031 0.687500 0.032813 0.040625
0 0.048438 0.510938 0.034375 0.034375
0 0.010156 0.644531 0.020313 0.039062
0 0.430469 0.907813 0.020313 0.043750
0 0.102344 0.250000 0.020313 0.056250
0 0.093750 0.356250 0.025000 0.034375
0 0.220312 0.718750 0.034375 0.031250
0 0.434375 0.650781 0.034375 0.039062
0 0.537500 0.445312 0.025000 0.037500
0 0.461719 0.097656 0.042188 0.035937
0 0.121875 0.402344 0.021875 0.042188
0 0.181250 0.394531 0.043750 0.023438
0 0.375000 0.904687 0.031250 0.025000
0 0.548438 0.043750 0.040625 0.031250
0 0.371094 0.825781 0.023438 0.045312
0 0.152344 0.275000 0.032813 0.037500
0 0.543750 0.635156 0.018750 0.042188
0 0.128125 0.094531 0.018750 0.042188
0 0.177344 0.930469 0.029687 0.035937
0 0.046875 0.723437 0.025000 0.043750
0 0.317969 0.250781 0.023438 0.045312
0 0.442969 0.225781 0.035937 0.035937
0 0.217188 0.377344 0.025000 0.039062
0 0.239063 0.396094 0.031250 0.039062
0 0.269531 0.169531 0.026562 0.051562
0 0.529687 0.782031 0.021875 0.032813
0 0.153125 0.033594 0.018750 0.045312
0 0.394531 0.094531 0.020313 0.048438
0 0.583594 0.306250 0.023438 0.046875
0 0.891406 0.396875 0.045312 0.021875
0 0.273438 0.603906 0.046875 0.026562
0 0.987500 0.186719 0.021875 0.051562
0 0.126562 0.492188 0.034375 0.031250
0 0.496875 0.228125 0.037500 0.031250
0 0.946094 0.965625 0.039062 0.025000
0 0.152344 0.089844 0.023438 0.039062
0 0.071875 0.853125 0.028125 0.043750
0 0.896875 0.160156 0.021875 0.042188
0 0.426563 0.177344 0.021875 0.048438
0 0.178125 0.863281 0.034375 0.029687
0 0.921875 0.723437 0.021875 0.046875
0 0.100000 0.916406 0.037500 0.039062
0 0.432031 0.015625 0.045312 0.018750
0 0.496094 0.652344 0.032813 0.039062
0 0.850781 0.897656 0.054688 0.020313
0 0.313281 0.567187 0.045312 0.031250
0 0.072656 0.630469 0.042188 0.020313
0 0.014844 0.914062 0.029687 0.018750
0 0.477344 0.849219 0.042188 0.026562
0 0.068750 0.535937 0.028125 0.040625
0 0.054688 0.563281 0.021875 0.039062
0 0.085938 0.929688 0.040625 0.034375
0 0.439063 0.307812 0.021875 0.046875
0 0.944531 0.714063 0.026562 0.028125
0 0.587500 0.671094 0.025000 0.045312
0 0.467969 0.132812 0.032813 0.040625
0 0.382812 0.678125 0.021875 0.043750
0 0.316406 0.729688 0.039062 0.028125
0 0.339062 0.600781 0.040625 0.032813
0 0.881250 0.682813 0.040625 0.018750
0 0.344531 0.568750 0.039062 0.040625
0 0.290625 0.750000 0.018750 0.046875
0 0.896094 0.485156 0.023438 0.045312
0 0.368750 0.721875 0.021875 0.050000
0 0.436719 0.543750 0.026562 0.034375
0 0.043750 0.860156 0.034375 0.029687
0 0.815625 0.852344 0.025000 0.023438
0 0.150781 0.451562 0.039062 0.028125
0 0.566406 0.322656 0.020313 0.048438
0 0.453906 0.773438 0.048438 0.021875
0 0.086719 0.500000 0.026562 0.034375
0 0.120313 0.976562 0.025000 0.040625
0 0.174219 0.770312 0.020313 0.040625
0 0.345313 0.774219 0.046875 0.023438
0 0.548438 0.219531 0.031250 0.035937
0 0.325781 0.657813 0.045312 0.028125
0 0.497656 0.623437 0.045312 0.021875
0 0.853125 0.859375 0.034375 0.037500
0 0.583594 0.419531 0.029687 0.035937
0 0.211719 0.251563 0.023438 0.046875
0 0.539844 0.701562 0.020313 0.053125
0 0.056250 0.903125 0.043750 0.018750
0 0.057813 0.478906 0.037500 0.017188
0 0.988281 0.984375 0.023438 0.021875
0 0.564063 0.588281 0.034375 0.032813
0 0.496094 0.925781 0.026562 0.054688
0 0.115625 0.519531 0.034375 0.042188
0 0.196094 0.287500 0.045312 0.021875
0 0.271875 0.944531 0.021875 0.029687
0 0.134375 0.567969 0.025000 0.032813
0 0.357812 0.754687 0.046875 0.021875
0 0.156250 0.314063 0.021875 0.040625
0 0.061719 0.887500 0.039062 0.015625
0 0.173437 0.017188 0.018750 0.034375
0 0.103906 0.460156 0.051562 0.026562
0 0.898438 0.036719 0.028125 0.039062
0 0.311719 0.277344 0.039062 0.035937
0 0.221094 0.804688 0.042188 0.021875
0 0.177344 0.085156 0.026562 0.048438
0 0.152344 0.475781 0.042188 0.017188
0 0.567187 0.771875 0.031250 0.034375
0 0.519531 0.017969 0.023438 0.035937
0 0.255469 0.966406 0.032813 0.032813
0 0.914844 0.541406 0.020313 0.042188
0 0.092188 0.771875 0.021875 0.043750
0 0.567187 0.376563 0.021875 0.053125
0 0.017969 0.822656 0.026562 0.045312
0 0.552344 0.407031 0.032813 0.042188
0 0.225781 0.742969 0.048438 0.020313
0 0.082812 0.967187 0.021875 0.037500
0 0.931250 0.084375 0.037500 0.040625
0 0.864844 0.214844 0.026562 0.026562
0 0.462500 0.251563 0.050000 0.028125
0 0.170313 0.846094 0.015625 0.023438
0 0.070312 0.758594 0.025000 0.042188
0 0.174219 0.260937 0.026562 0.040625
0 0.956250 0.307812 0.040625 0.037500
0 0.364063 0.444531 0.031250 0.045312
0 0.014844 0.777344 0.029687 0.017188
0 0.068750 0.945312 0.034375 0.015625
0 0.477344 0.959375 0.029687 0.031250
0 0.896094 0.202344 0.026562 0.039062
0 0.555469 0.604688 0.026562 0.028125
0 0.295312 0.917969 0.037500 0.023438
0 0.901563 0.239063 0.037500 0.028125
0 0.214062 0.782813 0.040625 0.021875
0 0.036719 0.153125 0.026562 0.043750
0 0.853906 0.306250 0.023438 0.053125
0 0.477344 0.883594 0.017188 0.032813
0 0.203906 0.762500 0.045312 0.025000
0 0.081250 0.680469 0.018750 0.045312
0 0.949219 0.750781 0.023438 0.039062
0 0.039844 0.763281 0.045312 0.023438
0 0.867188 0.526563 0.025000 0.046875
0 0.871875 0.173437 0.025000 0.050000
0 0.353125 0.990625 0.018750 0.018750
0 0.146875 0.432031 0.043750 0.020313
0 0.268750 0.917188 0.040625 0.028125
0 0.506250 0.861719 0.025000 0.054688
0 0.864062 0.777344 0.034375 0.045312
0 0.367188 0.605469 0.028125 0.039062
0 0.971094 0.936719 0.017188 0.042188
0 0.326562 0.694531 0.021875 0.032813
0 0.371094 0.221094 0.032813 0.035937
0 0.019531 0.883594 0.029687 0.039062
0 0.987500 0.798438 0.021875 0.025000
0 0.030469 0.480469 0.017188 0.051562
0 0.251563 0.193750 0.021875 0.050000
0 0.528125 0.225781 0.037500 0.020313
0 0.415625 0.798438 0.046875 0.021875
0 0.425781 0.571094 0.045312 0.020313
0 0.837500 0.843750 0.021875 0.037500
0 0.570312 0.016406 0.018750 0.032813
0 0.878125 0.867969 0.018750 0.039062
0 0.471875 0.225000 0.021875 0.037500
0 0.590625 0.378906 0.025000 0.042188
0 0.298438 0.295312 0.021875 0.043750
0 0.239844 0.628125 0.029687 0.040625
0 0.014844 0.670312 0.029687 0.015625
0 0.564063 0.802344 0.031250 0.032813
0 0.992969 0.703125 0.014063 0.050000
0 0.989062 0.096875 0.018750 0.018750
0 0.122656 0.600000 0.020313 0.050000
0 0.842187 0.549219 0.034375 0.026562
0 0.085938 0.473438 0.037500 0.025000
0 0.537500 0.993750 0.046875 0.012500
0 0.526563 0.423438 0.031250 0.034375
0 0.553125 0.827344 0.034375 0.026562
0 0.819531 0.919531 0.020313 0.045312
0 0.164844 0.539844 0.017188 0.045312
0 0.471094 0.908594 0.017188 0.035937
0 0.931250 0.542188 0.018750 0.043750
0 0.194531 0.992969 0.035937 0.014063
0 0.467187 0.945312 0.034375 0.034375
0 0.619531 0.904687 0.014063 0.046875
0 0.576562 0.836719 0.025000 0.039062
0 0.863281 0.242188 0.017188 0.034375
0 0.282031 0.966406 0.029687 0.039062
0 0.103906 0.567187 0.020313 0.053125
0 0.965625 0.517188 0.015625 0.046875
0 0.578125 0.975781 0.025000 0.029687
0 0.035937 0.786719 0.043750 0.017188
0 0.450781 0.752344 0.035937 0.023438
0 0.865625 0.388281 0.015625 0.048438
0 0.349219 0.232813 0.017188 0.040625
0 0.038281 0.928125 0.017188 0.031250
0 0.501563 0.025000 0.018750 0.031250
0 0.598437 0.948438 0.037500 0.025000
0 0.992969 0.446094 0.014063 0.029687
0 0.950000 0.992188 0.034375 0.015625
0 0.986719 0.668750 0.023438 0.040625
0 0.406250 0.975000 0.028125 0.031250
0 0.603906 0.882031 0.029687 0.023438
0 0.547656 0.015625 0.020313 0.031250
0 0.182812 0.964063 0.025000 0.037500
0 0.882031 0.007031 0.023438 0.014063
0 0.842187 0.810156 0.037500 0.017188
0 0.318750 0.748437 0.040625 0.018750
0 0.539062 0.582812 0.018750 0.040625
0 0.204687 0.871875 0.021875 0.021875
0 0.947656 0.533594 0.020313 0.035937
0 0.292969 0.678125 0.032813 0.028125
0 0.976562 0.718750 0.018750 0.037500
0 0.435156 0.845313 0.032813 0.028125
0 0.991406 0.953125 0.017188 0.046875
0 0.810156 0.897656 0.020313 0.035937
0 0.390625 0.985156 0.018750 0.026562
0 0.600000 0.866406 0.034375 0.017188
0 0.978906 0.502344 0.017188 0.045312
0 0.606250 0.796094 0.031250 0.029687
0 0.500781 0.990625 0.026562 0.015625
0 0.129688 0.010156 0.031250 0.020313
0 0.336719 0.688281 0.020313 0.029687
0 0.445312 0.953906 0.021875 0.020313
0 0.853125 0.700781 0.018750 0.048438
0 0.116406 0.123438 0.039062 0.018750
0 0.599219 0.985156 0.023438 0.023438
0 0.546094 0.175781 0.020313 0.020313
0 0.127344 0.021875 0.026562 0.037500
0 0.884375 0.253906 0.025000 0.026562
0 0.880469 0.820312 0.026562 0.018750
0 0.303125 0.703125 0.018750 0.021875
0 0.442969 0.030469 0.035937 0.020313
0 0.994531 0.746094 0.010937 0.035937
0 0.578906 0.235937 0.017188 0.043750
0 0.982031 0.821875 0.032813 0.021875
0 0.164062 0.607031 0.015625 0.023438
0 0.078906 0.720313 0.035937 0.021875
0 0.275781 0.307031 0.020313 0.042188
0 0.515625 0.050000 0.050000 0.025000
0 0.564844 0.200000 0.026562 0.037500
0 0.163281 0.412500 0.026562 0.025000
0 0.097656 0.636719 0.026562 0.032813
0 0.108594 0.628906 0.026562 0.045312
0 0.432031 0.810937 0.020313 0.043750
0 0.837500 0.791406 0.034375 0.029687
0 0.846875 0.217188 0.015625 0.043750
0 0.587500 0.011719 0.028125 0.023438